>>>>>> start
[0 0 0 0 0] -> 0
[0 0 0 0 1] -> 1
[0 0 0 0 2] -> 2
[0 0 0 0 3] -> 3
[0 0 0 0 4] -> 4
[0 0 0 1 0] -> 10
[0 0 0 1 1] -> 11
[0 0 0 1 2] -> 12
[0 0 0 1 3] -> 13
[0 0 0 1 4] -> 14
[0 0 0 2 0] -> 20
[0 0 0 2 1] -> 21
[0 0 0 2 2] -> 22
[0 0 0 2 3] -> 23
[0 0 0 2 4] -> 24
[0 0 0 3 0] -> 30
[0 0 0 3 1] -> 31
[0 0 0 3 2] -> 32
[0 0 0 3 3] -> 33
[0 0 0 3 4] -> 34
[0 0 0 4 0] -> 40
[0 0 0 4 1] -> 41
[0 0 0 4 2] -> 42
[0 0 0 4 3] -> 43
[0 0 0 4 4] -> 44
[0 0 1 0 0] -> 100
[0 0 1 0 1] -> 101
[0 0 1 0 2] -> 102
[0 0 1 0 3] -> 103
[0 0 1 0 4] -> 104
[0 0 1 1 0] -> 110
[0 0 1 1 1] -> 111
[0 0 1 1 2] -> 112
[0 0 1 1 3] -> 113
[0 0 1 1 4] -> 114
[0 0 1 2 0] -> 120
[0 0 1 2 1] -> 121
[0 0 1 2 2] -> 122
[0 0 1 2 3] -> 123
[0 0 1 2 4] -> 124
[0 0 1 3 0] -> 130
[0 0 1 3 1] -> 131
[0 0 1 3 2] -> 132
[0 0 1 3 3] -> 133
[0 0 1 3 4] -> 134
[0 0 1 4 0] -> 140
[0 0 1 4 1] -> 141
[0 0 1 4 2] -> 142
[0 0 1 4 3] -> 143
[0 0 1 4 4] -> 144
[0 0 2 0 0] -> 200
[0 0 2 0 1] -> 201
[0 0 2 0 2] -> 202
[0 0 2 0 3] -> 203
[0 0 2 0 4] -> 204
[0 0 2 1 0] -> 210
[0 0 2 1 1] -> 211
[0 0 2 1 2] -> 212
[0 0 2 1 3] -> 213
[0 0 2 1 4] -> 214
[0 0 2 2 0] -> 220
[0 0 2 2 1] -> 221
[0 0 2 2 2] -> 222
[0 0 2 2 3] -> 223
[0 0 2 2 4] -> 224
[0 0 2 3 0] -> 230
[0 0 2 3 1] -> 231
[0 0 2 3 2] -> 232
[0 0 2 3 3] -> 233
[0 0 2 3 4] -> 234
[0 0 2 4 0] -> 240
[0 0 2 4 1] -> 241
[0 0 2 4 2] -> 242
[0 0 2 4 3] -> 243
[0 0 2 4 4] -> 244
[0 0 3 0 0] -> 300
[0 0 3 0 1] -> 301
[0 0 3 0 2] -> 302
[0 0 3 0 3] -> 303
[0 0 3 0 4] -> 304
[0 0 3 1 0] -> 310
[0 0 3 1 1] -> 311
[0 0 3 1 2] -> 312
[0 0 3 1 3] -> 313
[0 0 3 1 4] -> 314
[0 0 3 2 0] -> 320
[0 0 3 2 1] -> 321
[0 0 3 2 2] -> 322
[0 0 3 2 3] -> 323
[0 0 3 2 4] -> 324
[0 0 3 3 0] -> 330
[0 0 3 3 1] -> 331
[0 0 3 3 2] -> 332
[0 0 3 3 3] -> 333
[0 0 3 3 4] -> 334
[0 0 3 4 0] -> 340
[0 0 3 4 1] -> 341
[0 0 3 4 2] -> 342
[0 0 3 4 3] -> 343
[0 0 3 4 4] -> 344
[0 0 4 0 0] -> 400
[0 0 4 0 1] -> 401
[0 0 4 0 2] -> 402
[0 0 4 0 3] -> 403
[0 0 4 0 4] -> 404
[0 0 4 1 0] -> 410
[0 0 4 1 1] -> 411
[0 0 4 1 2] -> 412
[0 0 4 1 3] -> 413
[0 0 4 1 4] -> 414
[0 0 4 2 0] -> 420
[0 0 4 2 1] -> 421
[0 0 4 2 2] -> 422
[0 0 4 2 3] -> 423
[0 0 4 2 4] -> 424
[0 0 4 3 0] -> 430
[0 0 4 3 1] -> 431
[0 0 4 3 2] -> 432
[0 0 4 3 3] -> 433
[0 0 4 3 4] -> 434
[0 0 4 4 0] -> 440
[0 0 4 4 1] -> 441
[0 0 4 4 2] -> 442
[0 0 4 4 3] -> 443
[0 0 4 4 4] -> 444
[0 1 0 0 0] -> 1000
[0 1 0 0 1] -> 1001
[0 1 0 0 2] -> 1002
[0 1 0 0 3] -> 1003
[0 1 0 0 4] -> 1004
[0 1 0 1 0] -> 1010
[0 1 0 1 1] -> 1011
[0 1 0 1 2] -> 1012
[0 1 0 1 3] -> 1013
[0 1 0 1 4] -> 1014
[0 1 0 2 0] -> 1020
[0 1 0 2 1] -> 1021
[0 1 0 2 2] -> 1022
[0 1 0 2 3] -> 1023
[0 1 0 2 4] -> 1024
[0 1 0 3 0] -> 1030
[0 1 0 3 1] -> 1031
[0 1 0 3 2] -> 1032
[0 1 0 3 3] -> 1033
[0 1 0 3 4] -> 1034
[0 1 0 4 0] -> 1040
[0 1 0 4 1] -> 1041
[0 1 0 4 2] -> 1042
[0 1 0 4 3] -> 1043
[0 1 0 4 4] -> 1044
[0 1 1 0 0] -> 1100
[0 1 1 0 1] -> 1101
[0 1 1 0 2] -> 1102
[0 1 1 0 3] -> 1103
[0 1 1 0 4] -> 1104
[0 1 1 1 0] -> 1110
[0 1 1 1 1] -> 1111
[0 1 1 1 2] -> 1112
[0 1 1 1 3] -> 1113
[0 1 1 1 4] -> 1114
[0 1 1 2 0] -> 1120
[0 1 1 2 1] -> 1121
[0 1 1 2 2] -> 1122
[0 1 1 2 3] -> 1123
[0 1 1 2 4] -> 1124
[0 1 1 3 0] -> 1130
[0 1 1 3 1] -> 1131
[0 1 1 3 2] -> 1132
[0 1 1 3 3] -> 1133
[0 1 1 3 4] -> 1134
[0 1 1 4 0] -> 1140
[0 1 1 4 1] -> 1141
[0 1 1 4 2] -> 1142
[0 1 1 4 3] -> 1143
[0 1 1 4 4] -> 1144
[0 1 2 0 0] -> 1200
[0 1 2 0 1] -> 1201
[0 1 2 0 2] -> 1202
[0 1 2 0 3] -> 1203
[0 1 2 0 4] -> 1204
[0 1 2 1 0] -> 1210
[0 1 2 1 1] -> 1211
[0 1 2 1 2] -> 1212
[0 1 2 1 3] -> 1213
[0 1 2 1 4] -> 1214
[0 1 2 2 0] -> 1220
[0 1 2 2 1] -> 1221
[0 1 2 2 2] -> 1222
[0 1 2 2 3] -> 1223
[0 1 2 2 4] -> 1224
[0 1 2 3 0] -> 1230
[0 1 2 3 1] -> 1231
[0 1 2 3 2] -> 1232
[0 1 2 3 3] -> 1233
[0 1 2 3 4] -> 1234
[0 1 2 4 0] -> 1240
[0 1 2 4 1] -> 1241
[0 1 2 4 2] -> 1242
[0 1 2 4 3] -> 1243
[0 1 2 4 4] -> 1244
[0 1 3 0 0] -> 1300
[0 1 3 0 1] -> 1301
[0 1 3 0 2] -> 1302
[0 1 3 0 3] -> 1303
[0 1 3 0 4] -> 1304
[0 1 3 1 0] -> 1310
[0 1 3 1 1] -> 1311
[0 1 3 1 2] -> 1312
[0 1 3 1 3] -> 1313
[0 1 3 1 4] -> 1314
[0 1 3 2 0] -> 1320
[0 1 3 2 1] -> 1321
[0 1 3 2 2] -> 1322
[0 1 3 2 3] -> 1323
[0 1 3 2 4] -> 1324
[0 1 3 3 0] -> 1330
[0 1 3 3 1] -> 1331
[0 1 3 3 2] -> 1332
[0 1 3 3 3] -> 1333
[0 1 3 3 4] -> 1334
[0 1 3 4 0] -> 1340
[0 1 3 4 1] -> 1341
[0 1 3 4 2] -> 1342
[0 1 3 4 3] -> 1343
[0 1 3 4 4] -> 1344
[0 1 4 0 0] -> 1400
[0 1 4 0 1] -> 1401
[0 1 4 0 2] -> 1402
[0 1 4 0 3] -> 1403
[0 1 4 0 4] -> 1404
[0 1 4 1 0] -> 1410
[0 1 4 1 1] -> 1411
[0 1 4 1 2] -> 1412
[0 1 4 1 3] -> 1413
[0 1 4 1 4] -> 1414
[0 1 4 2 0] -> 1420
[0 1 4 2 1] -> 1421
[0 1 4 2 2] -> 1422
[0 1 4 2 3] -> 1423
[0 1 4 2 4] -> 1424
[0 1 4 3 0] -> 1430
[0 1 4 3 1] -> 1431
[0 1 4 3 2] -> 1432
[0 1 4 3 3] -> 1433
[0 1 4 3 4] -> 1434
[0 1 4 4 0] -> 1440
[0 1 4 4 1] -> 1441
[0 1 4 4 2] -> 1442
[0 1 4 4 3] -> 1443
[0 1 4 4 4] -> 1444
[0 2 0 0 0] -> 2000
[0 2 0 0 1] -> 2001
[0 2 0 0 2] -> 2002
[0 2 0 0 3] -> 2003
[0 2 0 0 4] -> 2004
[0 2 0 1 0] -> 2010
[0 2 0 1 1] -> 2011
[0 2 0 1 2] -> 2012
[0 2 0 1 3] -> 2013
[0 2 0 1 4] -> 2014
[0 2 0 2 0] -> 2020
[0 2 0 2 1] -> 2021
[0 2 0 2 2] -> 2022
[0 2 0 2 3] -> 2023
[0 2 0 2 4] -> 2024
[0 2 0 3 0] -> 2030
[0 2 0 3 1] -> 2031
[0 2 0 3 2] -> 2032
[0 2 0 3 3] -> 2033
[0 2 0 3 4] -> 2034
[0 2 0 4 0] -> 2040
[0 2 0 4 1] -> 2041
[0 2 0 4 2] -> 2042
[0 2 0 4 3] -> 2043
[0 2 0 4 4] -> 2044
[0 2 1 0 0] -> 2100
[0 2 1 0 1] -> 2101
[0 2 1 0 2] -> 2102
[0 2 1 0 3] -> 2103
[0 2 1 0 4] -> 2104
[0 2 1 1 0] -> 2110
[0 2 1 1 1] -> 2111
[0 2 1 1 2] -> 2112
[0 2 1 1 3] -> 2113
[0 2 1 1 4] -> 2114
[0 2 1 2 0] -> 2120
[0 2 1 2 1] -> 2121
[0 2 1 2 2] -> 2122
[0 2 1 2 3] -> 2123
[0 2 1 2 4] -> 2124
[0 2 1 3 0] -> 2130
[0 2 1 3 1] -> 2131
[0 2 1 3 2] -> 2132
[0 2 1 3 3] -> 2133
[0 2 1 3 4] -> 2134
[0 2 1 4 0] -> 2140
[0 2 1 4 1] -> 2141
[0 2 1 4 2] -> 2142
[0 2 1 4 3] -> 2143
[0 2 1 4 4] -> 2144
[0 2 2 0 0] -> 2200
[0 2 2 0 1] -> 2201
[0 2 2 0 2] -> 2202
[0 2 2 0 3] -> 2203
[0 2 2 0 4] -> 2204
[0 2 2 1 0] -> 2210
[0 2 2 1 1] -> 2211
[0 2 2 1 2] -> 2212
[0 2 2 1 3] -> 2213
[0 2 2 1 4] -> 2214
[0 2 2 2 0] -> 2220
[0 2 2 2 1] -> 2221
[0 2 2 2 2] -> 2222
[0 2 2 2 3] -> 2223
[0 2 2 2 4] -> 2224
[0 2 2 3 0] -> 2230
[0 2 2 3 1] -> 2231
[0 2 2 3 2] -> 2232
[0 2 2 3 3] -> 2233
[0 2 2 3 4] -> 2234
[0 2 2 4 0] -> 2240
[0 2 2 4 1] -> 2241
[0 2 2 4 2] -> 2242
[0 2 2 4 3] -> 2243
[0 2 2 4 4] -> 2244
[0 2 3 0 0] -> 2300
[0 2 3 0 1] -> 2301
[0 2 3 0 2] -> 2302
[0 2 3 0 3] -> 2303
[0 2 3 0 4] -> 2304
[0 2 3 1 0] -> 2310
[0 2 3 1 1] -> 2311
[0 2 3 1 2] -> 2312
[0 2 3 1 3] -> 2313
[0 2 3 1 4] -> 2314
[0 2 3 2 0] -> 2320
[0 2 3 2 1] -> 2321
[0 2 3 2 2] -> 2322
[0 2 3 2 3] -> 2323
[0 2 3 2 4] -> 2324
[0 2 3 3 0] -> 2330
[0 2 3 3 1] -> 2331
[0 2 3 3 2] -> 2332
[0 2 3 3 3] -> 2333
[0 2 3 3 4] -> 2334
[0 2 3 4 0] -> 2340
[0 2 3 4 1] -> 2341
[0 2 3 4 2] -> 2342
[0 2 3 4 3] -> 2343
[0 2 3 4 4] -> 2344
[0 2 4 0 0] -> 2400
[0 2 4 0 1] -> 2401
[0 2 4 0 2] -> 2402
[0 2 4 0 3] -> 2403
[0 2 4 0 4] -> 2404
[0 2 4 1 0] -> 2410
[0 2 4 1 1] -> 2411
[0 2 4 1 2] -> 2412
[0 2 4 1 3] -> 2413
[0 2 4 1 4] -> 2414
[0 2 4 2 0] -> 2420
[0 2 4 2 1] -> 2421
[0 2 4 2 2] -> 2422
[0 2 4 2 3] -> 2423
[0 2 4 2 4] -> 2424
[0 2 4 3 0] -> 2430
[0 2 4 3 1] -> 2431
[0 2 4 3 2] -> 2432
[0 2 4 3 3] -> 2433
[0 2 4 3 4] -> 2434
[0 2 4 4 0] -> 2440
[0 2 4 4 1] -> 2441
[0 2 4 4 2] -> 2442
[0 2 4 4 3] -> 2443
[0 2 4 4 4] -> 2444
[0 3 0 0 0] -> 3000
[0 3 0 0 1] -> 3001
[0 3 0 0 2] -> 3002
[0 3 0 0 3] -> 3003
[0 3 0 0 4] -> 3004
[0 3 0 1 0] -> 3010
[0 3 0 1 1] -> 3011
[0 3 0 1 2] -> 3012
[0 3 0 1 3] -> 3013
[0 3 0 1 4] -> 3014
[0 3 0 2 0] -> 3020
[0 3 0 2 1] -> 3021
[0 3 0 2 2] -> 3022
[0 3 0 2 3] -> 3023
[0 3 0 2 4] -> 3024
[0 3 0 3 0] -> 3030
[0 3 0 3 1] -> 3031
[0 3 0 3 2] -> 3032
[0 3 0 3 3] -> 3033
[0 3 0 3 4] -> 3034
[0 3 0 4 0] -> 3040
[0 3 0 4 1] -> 3041
[0 3 0 4 2] -> 3042
[0 3 0 4 3] -> 3043
[0 3 0 4 4] -> 3044
[0 3 1 0 0] -> 3100
[0 3 1 0 1] -> 3101
[0 3 1 0 2] -> 3102
[0 3 1 0 3] -> 3103
[0 3 1 0 4] -> 3104
[0 3 1 1 0] -> 3110
[0 3 1 1 1] -> 3111
[0 3 1 1 2] -> 3112
[0 3 1 1 3] -> 3113
[0 3 1 1 4] -> 3114
[0 3 1 2 0] -> 3120
[0 3 1 2 1] -> 3121
[0 3 1 2 2] -> 3122
[0 3 1 2 3] -> 3123
[0 3 1 2 4] -> 3124
[0 3 1 3 0] -> 3130
[0 3 1 3 1] -> 3131
[0 3 1 3 2] -> 3132
[0 3 1 3 3] -> 3133
[0 3 1 3 4] -> 3134
[0 3 1 4 0] -> 3140
[0 3 1 4 1] -> 3141
[0 3 1 4 2] -> 3142
[0 3 1 4 3] -> 3143
[0 3 1 4 4] -> 3144
[0 3 2 0 0] -> 3200
[0 3 2 0 1] -> 3201
[0 3 2 0 2] -> 3202
[0 3 2 0 3] -> 3203
[0 3 2 0 4] -> 3204
[0 3 2 1 0] -> 3210
[0 3 2 1 1] -> 3211
[0 3 2 1 2] -> 3212
[0 3 2 1 3] -> 3213
[0 3 2 1 4] -> 3214
[0 3 2 2 0] -> 3220
[0 3 2 2 1] -> 3221
[0 3 2 2 2] -> 3222
[0 3 2 2 3] -> 3223
[0 3 2 2 4] -> 3224
[0 3 2 3 0] -> 3230
[0 3 2 3 1] -> 3231
[0 3 2 3 2] -> 3232
[0 3 2 3 3] -> 3233
[0 3 2 3 4] -> 3234
[0 3 2 4 0] -> 3240
[0 3 2 4 1] -> 3241
[0 3 2 4 2] -> 3242
[0 3 2 4 3] -> 3243
[0 3 2 4 4] -> 3244
[0 3 3 0 0] -> 3300
[0 3 3 0 1] -> 3301
[0 3 3 0 2] -> 3302
[0 3 3 0 3] -> 3303
[0 3 3 0 4] -> 3304
[0 3 3 1 0] -> 3310
[0 3 3 1 1] -> 3311
[0 3 3 1 2] -> 3312
[0 3 3 1 3] -> 3313
[0 3 3 1 4] -> 3314
[0 3 3 2 0] -> 3320
[0 3 3 2 1] -> 3321
[0 3 3 2 2] -> 3322
[0 3 3 2 3] -> 3323
[0 3 3 2 4] -> 3324
[0 3 3 3 0] -> 3330
[0 3 3 3 1] -> 3331
[0 3 3 3 2] -> 3332
[0 3 3 3 3] -> 3333
[0 3 3 3 4] -> 3334
[0 3 3 4 0] -> 3340
[0 3 3 4 1] -> 3341
[0 3 3 4 2] -> 3342
[0 3 3 4 3] -> 3343
[0 3 3 4 4] -> 3344
[0 3 4 0 0] -> 3400
[0 3 4 0 1] -> 3401
[0 3 4 0 2] -> 3402
[0 3 4 0 3] -> 3403
[0 3 4 0 4] -> 3404
[0 3 4 1 0] -> 3410
[0 3 4 1 1] -> 3411
[0 3 4 1 2] -> 3412
[0 3 4 1 3] -> 3413
[0 3 4 1 4] -> 3414
[0 3 4 2 0] -> 3420
[0 3 4 2 1] -> 3421
[0 3 4 2 2] -> 3422
[0 3 4 2 3] -> 3423
[0 3 4 2 4] -> 3424
[0 3 4 3 0] -> 3430
[0 3 4 3 1] -> 3431
[0 3 4 3 2] -> 3432
[0 3 4 3 3] -> 3433
[0 3 4 3 4] -> 3434
[0 3 4 4 0] -> 3440
[0 3 4 4 1] -> 3441
[0 3 4 4 2] -> 3442
[0 3 4 4 3] -> 3443
[0 3 4 4 4] -> 3444
[0 4 0 0 0] -> 4000
[0 4 0 0 1] -> 4001
[0 4 0 0 2] -> 4002
[0 4 0 0 3] -> 4003
[0 4 0 0 4] -> 4004
[0 4 0 1 0] -> 4010
[0 4 0 1 1] -> 4011
[0 4 0 1 2] -> 4012
[0 4 0 1 3] -> 4013
[0 4 0 1 4] -> 4014
[0 4 0 2 0] -> 4020
[0 4 0 2 1] -> 4021
[0 4 0 2 2] -> 4022
[0 4 0 2 3] -> 4023
[0 4 0 2 4] -> 4024
[0 4 0 3 0] -> 4030
[0 4 0 3 1] -> 4031
[0 4 0 3 2] -> 4032
[0 4 0 3 3] -> 4033
[0 4 0 3 4] -> 4034
[0 4 0 4 0] -> 4040
[0 4 0 4 1] -> 4041
[0 4 0 4 2] -> 4042
[0 4 0 4 3] -> 4043
[0 4 0 4 4] -> 4044
[0 4 1 0 0] -> 4100
[0 4 1 0 1] -> 4101
[0 4 1 0 2] -> 4102
[0 4 1 0 3] -> 4103
[0 4 1 0 4] -> 4104
[0 4 1 1 0] -> 4110
[0 4 1 1 1] -> 4111
[0 4 1 1 2] -> 4112
[0 4 1 1 3] -> 4113
[0 4 1 1 4] -> 4114
[0 4 1 2 0] -> 4120
[0 4 1 2 1] -> 4121
[0 4 1 2 2] -> 4122
[0 4 1 2 3] -> 4123
[0 4 1 2 4] -> 4124
[0 4 1 3 0] -> 4130
[0 4 1 3 1] -> 4131
[0 4 1 3 2] -> 4132
[0 4 1 3 3] -> 4133
[0 4 1 3 4] -> 4134
[0 4 1 4 0] -> 4140
[0 4 1 4 1] -> 4141
[0 4 1 4 2] -> 4142
[0 4 1 4 3] -> 4143
[0 4 1 4 4] -> 4144
[0 4 2 0 0] -> 4200
[0 4 2 0 1] -> 4201
[0 4 2 0 2] -> 4202
[0 4 2 0 3] -> 4203
[0 4 2 0 4] -> 4204
[0 4 2 1 0] -> 4210
[0 4 2 1 1] -> 4211
[0 4 2 1 2] -> 4212
[0 4 2 1 3] -> 4213
[0 4 2 1 4] -> 4214
[0 4 2 2 0] -> 4220
[0 4 2 2 1] -> 4221
[0 4 2 2 2] -> 4222
[0 4 2 2 3] -> 4223
[0 4 2 2 4] -> 4224
[0 4 2 3 0] -> 4230
[0 4 2 3 1] -> 4231
[0 4 2 3 2] -> 4232
[0 4 2 3 3] -> 4233
[0 4 2 3 4] -> 4234
[0 4 2 4 0] -> 4240
[0 4 2 4 1] -> 4241
[0 4 2 4 2] -> 4242
[0 4 2 4 3] -> 4243
[0 4 2 4 4] -> 4244
[0 4 3 0 0] -> 4300
[0 4 3 0 1] -> 4301
[0 4 3 0 2] -> 4302
[0 4 3 0 3] -> 4303
[0 4 3 0 4] -> 4304
[0 4 3 1 0] -> 4310
[0 4 3 1 1] -> 4311
[0 4 3 1 2] -> 4312
[0 4 3 1 3] -> 4313
[0 4 3 1 4] -> 4314
[0 4 3 2 0] -> 4320
[0 4 3 2 1] -> 4321
[0 4 3 2 2] -> 4322
[0 4 3 2 3] -> 4323
[0 4 3 2 4] -> 4324
[0 4 3 3 0] -> 4330
[0 4 3 3 1] -> 4331
[0 4 3 3 2] -> 4332
[0 4 3 3 3] -> 4333
[0 4 3 3 4] -> 4334
[0 4 3 4 0] -> 4340
[0 4 3 4 1] -> 4341
[0 4 3 4 2] -> 4342
[0 4 3 4 3] -> 4343
[0 4 3 4 4] -> 4344
[0 4 4 0 0] -> 4400
[0 4 4 0 1] -> 4401
[0 4 4 0 2] -> 4402
[0 4 4 0 3] -> 4403
[0 4 4 0 4] -> 4404
[0 4 4 1 0] -> 4410
[0 4 4 1 1] -> 4411
[0 4 4 1 2] -> 4412
[0 4 4 1 3] -> 4413
[0 4 4 1 4] -> 4414
[0 4 4 2 0] -> 4420
[0 4 4 2 1] -> 4421
[0 4 4 2 2] -> 4422
[0 4 4 2 3] -> 4423
[0 4 4 2 4] -> 4424
[0 4 4 3 0] -> 4430
[0 4 4 3 1] -> 4431
[0 4 4 3 2] -> 4432
[0 4 4 3 3] -> 4433
[0 4 4 3 4] -> 4434
[0 4 4 4 0] -> 4440
[0 4 4 4 1] -> 4441
[0 4 4 4 2] -> 4442
[0 4 4 4 3] -> 4443
[0 4 4 4 4] -> 4444
[1 0 0 0 0] -> 10000
[1 0 0 0 1] -> 10001
[1 0 0 0 2] -> 10002
[1 0 0 0 3] -> 10003
[1 0 0 0 4] -> 10004
[1 0 0 1 0] -> 10010
[1 0 0 1 1] -> 10011
[1 0 0 1 2] -> 10012
[1 0 0 1 3] -> 10013
[1 0 0 1 4] -> 10014
[1 0 0 2 0] -> 10020
[1 0 0 2 1] -> 10021
[1 0 0 2 2] -> 10022
[1 0 0 2 3] -> 10023
[1 0 0 2 4] -> 10024
[1 0 0 3 0] -> 10030
[1 0 0 3 1] -> 10031
[1 0 0 3 2] -> 10032
[1 0 0 3 3] -> 10033
[1 0 0 3 4] -> 10034
[1 0 0 4 0] -> 10040
[1 0 0 4 1] -> 10041
[1 0 0 4 2] -> 10042
[1 0 0 4 3] -> 10043
[1 0 0 4 4] -> 10044
[1 0 1 0 0] -> 10100
[1 0 1 0 1] -> 10101
[1 0 1 0 2] -> 10102
[1 0 1 0 3] -> 10103
[1 0 1 0 4] -> 10104
[1 0 1 1 0] -> 10110
[1 0 1 1 1] -> 10111
[1 0 1 1 2] -> 10112
[1 0 1 1 3] -> 10113
[1 0 1 1 4] -> 10114
[1 0 1 2 0] -> 10120
[1 0 1 2 1] -> 10121
[1 0 1 2 2] -> 10122
[1 0 1 2 3] -> 10123
[1 0 1 2 4] -> 10124
[1 0 1 3 0] -> 10130
[1 0 1 3 1] -> 10131
[1 0 1 3 2] -> 10132
[1 0 1 3 3] -> 10133
[1 0 1 3 4] -> 10134
[1 0 1 4 0] -> 10140
[1 0 1 4 1] -> 10141
[1 0 1 4 2] -> 10142
[1 0 1 4 3] -> 10143
[1 0 1 4 4] -> 10144
[1 0 2 0 0] -> 10200
[1 0 2 0 1] -> 10201
[1 0 2 0 2] -> 10202
[1 0 2 0 3] -> 10203
[1 0 2 0 4] -> 10204
[1 0 2 1 0] -> 10210
[1 0 2 1 1] -> 10211
[1 0 2 1 2] -> 10212
[1 0 2 1 3] -> 10213
[1 0 2 1 4] -> 10214
[1 0 2 2 0] -> 10220
[1 0 2 2 1] -> 10221
[1 0 2 2 2] -> 10222
[1 0 2 2 3] -> 10223
[1 0 2 2 4] -> 10224
[1 0 2 3 0] -> 10230
[1 0 2 3 1] -> 10231
[1 0 2 3 2] -> 10232
[1 0 2 3 3] -> 10233
[1 0 2 3 4] -> 10234
[1 0 2 4 0] -> 10240
[1 0 2 4 1] -> 10241
[1 0 2 4 2] -> 10242
[1 0 2 4 3] -> 10243
[1 0 2 4 4] -> 10244
[1 0 3 0 0] -> 10300
[1 0 3 0 1] -> 10301
[1 0 3 0 2] -> 10302
[1 0 3 0 3] -> 10303
[1 0 3 0 4] -> 10304
[1 0 3 1 0] -> 10310
[1 0 3 1 1] -> 10311
[1 0 3 1 2] -> 10312
[1 0 3 1 3] -> 10313
[1 0 3 1 4] -> 10314
[1 0 3 2 0] -> 10320
[1 0 3 2 1] -> 10321
[1 0 3 2 2] -> 10322
[1 0 3 2 3] -> 10323
[1 0 3 2 4] -> 10324
[1 0 3 3 0] -> 10330
[1 0 3 3 1] -> 10331
[1 0 3 3 2] -> 10332
[1 0 3 3 3] -> 10333
[1 0 3 3 4] -> 10334
[1 0 3 4 0] -> 10340
[1 0 3 4 1] -> 10341
[1 0 3 4 2] -> 10342
[1 0 3 4 3] -> 10343
[1 0 3 4 4] -> 10344
[1 0 4 0 0] -> 10400
[1 0 4 0 1] -> 10401
[1 0 4 0 2] -> 10402
[1 0 4 0 3] -> 10403
[1 0 4 0 4] -> 10404
[1 0 4 1 0] -> 10410
[1 0 4 1 1] -> 10411
[1 0 4 1 2] -> 10412
[1 0 4 1 3] -> 10413
[1 0 4 1 4] -> 10414
[1 0 4 2 0] -> 10420
[1 0 4 2 1] -> 10421
[1 0 4 2 2] -> 10422
[1 0 4 2 3] -> 10423
[1 0 4 2 4] -> 10424
[1 0 4 3 0] -> 10430
[1 0 4 3 1] -> 10431
[1 0 4 3 2] -> 10432
[1 0 4 3 3] -> 10433
[1 0 4 3 4] -> 10434
[1 0 4 4 0] -> 10440
[1 0 4 4 1] -> 10441
[1 0 4 4 2] -> 10442
[1 0 4 4 3] -> 10443
[1 0 4 4 4] -> 10444
[1 1 0 0 0] -> 11000
[1 1 0 0 1] -> 11001
[1 1 0 0 2] -> 11002
[1 1 0 0 3] -> 11003
[1 1 0 0 4] -> 11004
[1 1 0 1 0] -> 11010
[1 1 0 1 1] -> 11011
[1 1 0 1 2] -> 11012
[1 1 0 1 3] -> 11013
[1 1 0 1 4] -> 11014
[1 1 0 2 0] -> 11020
[1 1 0 2 1] -> 11021
[1 1 0 2 2] -> 11022
[1 1 0 2 3] -> 11023
[1 1 0 2 4] -> 11024
[1 1 0 3 0] -> 11030
[1 1 0 3 1] -> 11031
[1 1 0 3 2] -> 11032
[1 1 0 3 3] -> 11033
[1 1 0 3 4] -> 11034
[1 1 0 4 0] -> 11040
[1 1 0 4 1] -> 11041
[1 1 0 4 2] -> 11042
[1 1 0 4 3] -> 11043
[1 1 0 4 4] -> 11044
[1 1 1 0 0] -> 11100
[1 1 1 0 1] -> 11101
[1 1 1 0 2] -> 11102
[1 1 1 0 3] -> 11103
[1 1 1 0 4] -> 11104
[1 1 1 1 0] -> 11110
[1 1 1 1 1] -> 11111
[1 1 1 1 2] -> 11112
[1 1 1 1 3] -> 11113
[1 1 1 1 4] -> 11114
[1 1 1 2 0] -> 11120
[1 1 1 2 1] -> 11121
[1 1 1 2 2] -> 11122
[1 1 1 2 3] -> 11123
[1 1 1 2 4] -> 11124
[1 1 1 3 0] -> 11130
[1 1 1 3 1] -> 11131
[1 1 1 3 2] -> 11132
[1 1 1 3 3] -> 11133
[1 1 1 3 4] -> 11134
[1 1 1 4 0] -> 11140
[1 1 1 4 1] -> 11141
[1 1 1 4 2] -> 11142
[1 1 1 4 3] -> 11143
[1 1 1 4 4] -> 11144
[1 1 2 0 0] -> 11200
[1 1 2 0 1] -> 11201
[1 1 2 0 2] -> 11202
[1 1 2 0 3] -> 11203
[1 1 2 0 4] -> 11204
[1 1 2 1 0] -> 11210
[1 1 2 1 1] -> 11211
[1 1 2 1 2] -> 11212
[1 1 2 1 3] -> 11213
[1 1 2 1 4] -> 11214
[1 1 2 2 0] -> 11220
[1 1 2 2 1] -> 11221
[1 1 2 2 2] -> 11222
[1 1 2 2 3] -> 11223
[1 1 2 2 4] -> 11224
[1 1 2 3 0] -> 11230
[1 1 2 3 1] -> 11231
[1 1 2 3 2] -> 11232
[1 1 2 3 3] -> 11233
[1 1 2 3 4] -> 11234
[1 1 2 4 0] -> 11240
[1 1 2 4 1] -> 11241
[1 1 2 4 2] -> 11242
[1 1 2 4 3] -> 11243
[1 1 2 4 4] -> 11244
[1 1 3 0 0] -> 11300
[1 1 3 0 1] -> 11301
[1 1 3 0 2] -> 11302
[1 1 3 0 3] -> 11303
[1 1 3 0 4] -> 11304
[1 1 3 1 0] -> 11310
[1 1 3 1 1] -> 11311
[1 1 3 1 2] -> 11312
[1 1 3 1 3] -> 11313
[1 1 3 1 4] -> 11314
[1 1 3 2 0] -> 11320
[1 1 3 2 1] -> 11321
[1 1 3 2 2] -> 11322
[1 1 3 2 3] -> 11323
[1 1 3 2 4] -> 11324
[1 1 3 3 0] -> 11330
[1 1 3 3 1] -> 11331
[1 1 3 3 2] -> 11332
[1 1 3 3 3] -> 11333
[1 1 3 3 4] -> 11334
[1 1 3 4 0] -> 11340
[1 1 3 4 1] -> 11341
[1 1 3 4 2] -> 11342
[1 1 3 4 3] -> 11343
[1 1 3 4 4] -> 11344
[1 1 4 0 0] -> 11400
[1 1 4 0 1] -> 11401
[1 1 4 0 2] -> 11402
[1 1 4 0 3] -> 11403
[1 1 4 0 4] -> 11404
[1 1 4 1 0] -> 11410
[1 1 4 1 1] -> 11411
[1 1 4 1 2] -> 11412
[1 1 4 1 3] -> 11413
[1 1 4 1 4] -> 11414
[1 1 4 2 0] -> 11420
[1 1 4 2 1] -> 11421
[1 1 4 2 2] -> 11422
[1 1 4 2 3] -> 11423
[1 1 4 2 4] -> 11424
[1 1 4 3 0] -> 11430
[1 1 4 3 1] -> 11431
[1 1 4 3 2] -> 11432
[1 1 4 3 3] -> 11433
[1 1 4 3 4] -> 11434
[1 1 4 4 0] -> 11440
[1 1 4 4 1] -> 11441
[1 1 4 4 2] -> 11442
[1 1 4 4 3] -> 11443
[1 1 4 4 4] -> 11444
[1 2 0 0 0] -> 12000
[1 2 0 0 1] -> 12001
[1 2 0 0 2] -> 12002
[1 2 0 0 3] -> 12003
[1 2 0 0 4] -> 12004
[1 2 0 1 0] -> 12010
[1 2 0 1 1] -> 12011
[1 2 0 1 2] -> 12012
[1 2 0 1 3] -> 12013
[1 2 0 1 4] -> 12014
[1 2 0 2 0] -> 12020
[1 2 0 2 1] -> 12021
[1 2 0 2 2] -> 12022
[1 2 0 2 3] -> 12023
[1 2 0 2 4] -> 12024
[1 2 0 3 0] -> 12030
[1 2 0 3 1] -> 12031
[1 2 0 3 2] -> 12032
[1 2 0 3 3] -> 12033
[1 2 0 3 4] -> 12034
[1 2 0 4 0] -> 12040
[1 2 0 4 1] -> 12041
[1 2 0 4 2] -> 12042
[1 2 0 4 3] -> 12043
[1 2 0 4 4] -> 12044
[1 2 1 0 0] -> 12100
[1 2 1 0 1] -> 12101
[1 2 1 0 2] -> 12102
[1 2 1 0 3] -> 12103
[1 2 1 0 4] -> 12104
[1 2 1 1 0] -> 12110
[1 2 1 1 1] -> 12111
[1 2 1 1 2] -> 12112
[1 2 1 1 3] -> 12113
[1 2 1 1 4] -> 12114
[1 2 1 2 0] -> 12120
[1 2 1 2 1] -> 12121
[1 2 1 2 2] -> 12122
[1 2 1 2 3] -> 12123
[1 2 1 2 4] -> 12124
[1 2 1 3 0] -> 12130
[1 2 1 3 1] -> 12131
[1 2 1 3 2] -> 12132
[1 2 1 3 3] -> 12133
[1 2 1 3 4] -> 12134
[1 2 1 4 0] -> 12140
[1 2 1 4 1] -> 12141
[1 2 1 4 2] -> 12142
[1 2 1 4 3] -> 12143
[1 2 1 4 4] -> 12144
[1 2 2 0 0] -> 12200
[1 2 2 0 1] -> 12201
[1 2 2 0 2] -> 12202
[1 2 2 0 3] -> 12203
[1 2 2 0 4] -> 12204
[1 2 2 1 0] -> 12210
[1 2 2 1 1] -> 12211
[1 2 2 1 2] -> 12212
[1 2 2 1 3] -> 12213
[1 2 2 1 4] -> 12214
[1 2 2 2 0] -> 12220
[1 2 2 2 1] -> 12221
[1 2 2 2 2] -> 12222
[1 2 2 2 3] -> 12223
[1 2 2 2 4] -> 12224
[1 2 2 3 0] -> 12230
[1 2 2 3 1] -> 12231
[1 2 2 3 2] -> 12232
[1 2 2 3 3] -> 12233
[1 2 2 3 4] -> 12234
[1 2 2 4 0] -> 12240
[1 2 2 4 1] -> 12241
[1 2 2 4 2] -> 12242
[1 2 2 4 3] -> 12243
[1 2 2 4 4] -> 12244
[1 2 3 0 0] -> 12300
[1 2 3 0 1] -> 12301
[1 2 3 0 2] -> 12302
[1 2 3 0 3] -> 12303
[1 2 3 0 4] -> 12304
[1 2 3 1 0] -> 12310
[1 2 3 1 1] -> 12311
[1 2 3 1 2] -> 12312
[1 2 3 1 3] -> 12313
[1 2 3 1 4] -> 12314
[1 2 3 2 0] -> 12320
[1 2 3 2 1] -> 12321
[1 2 3 2 2] -> 12322
[1 2 3 2 3] -> 12323
[1 2 3 2 4] -> 12324
[1 2 3 3 0] -> 12330
[1 2 3 3 1] -> 12331
[1 2 3 3 2] -> 12332
[1 2 3 3 3] -> 12333
[1 2 3 3 4] -> 12334
[1 2 3 4 0] -> 12340
[1 2 3 4 1] -> 12341
[1 2 3 4 2] -> 12342
[1 2 3 4 3] -> 12343
[1 2 3 4 4] -> 12344
[1 2 4 0 0] -> 12400
[1 2 4 0 1] -> 12401
[1 2 4 0 2] -> 12402
[1 2 4 0 3] -> 12403
[1 2 4 0 4] -> 12404
[1 2 4 1 0] -> 12410
[1 2 4 1 1] -> 12411
[1 2 4 1 2] -> 12412
[1 2 4 1 3] -> 12413
[1 2 4 1 4] -> 12414
[1 2 4 2 0] -> 12420
[1 2 4 2 1] -> 12421
[1 2 4 2 2] -> 12422
[1 2 4 2 3] -> 12423
[1 2 4 2 4] -> 12424
[1 2 4 3 0] -> 12430
[1 2 4 3 1] -> 12431
[1 2 4 3 2] -> 12432
[1 2 4 3 3] -> 12433
[1 2 4 3 4] -> 12434
[1 2 4 4 0] -> 12440
[1 2 4 4 1] -> 12441
[1 2 4 4 2] -> 12442
[1 2 4 4 3] -> 12443
[1 2 4 4 4] -> 12444
[1 3 0 0 0] -> 13000
[1 3 0 0 1] -> 13001
[1 3 0 0 2] -> 13002
[1 3 0 0 3] -> 13003
[1 3 0 0 4] -> 13004
[1 3 0 1 0] -> 13010
[1 3 0 1 1] -> 13011
[1 3 0 1 2] -> 13012
[1 3 0 1 3] -> 13013
[1 3 0 1 4] -> 13014
[1 3 0 2 0] -> 13020
[1 3 0 2 1] -> 13021
[1 3 0 2 2] -> 13022
[1 3 0 2 3] -> 13023
[1 3 0 2 4] -> 13024
[1 3 0 3 0] -> 13030
[1 3 0 3 1] -> 13031
[1 3 0 3 2] -> 13032
[1 3 0 3 3] -> 13033
[1 3 0 3 4] -> 13034
[1 3 0 4 0] -> 13040
[1 3 0 4 1] -> 13041
[1 3 0 4 2] -> 13042
[1 3 0 4 3] -> 13043
[1 3 0 4 4] -> 13044
[1 3 1 0 0] -> 13100
[1 3 1 0 1] -> 13101
[1 3 1 0 2] -> 13102
[1 3 1 0 3] -> 13103
[1 3 1 0 4] -> 13104
[1 3 1 1 0] -> 13110
[1 3 1 1 1] -> 13111
[1 3 1 1 2] -> 13112
[1 3 1 1 3] -> 13113
[1 3 1 1 4] -> 13114
[1 3 1 2 0] -> 13120
[1 3 1 2 1] -> 13121
[1 3 1 2 2] -> 13122
[1 3 1 2 3] -> 13123
[1 3 1 2 4] -> 13124
[1 3 1 3 0] -> 13130
[1 3 1 3 1] -> 13131
[1 3 1 3 2] -> 13132
[1 3 1 3 3] -> 13133
[1 3 1 3 4] -> 13134
[1 3 1 4 0] -> 13140
[1 3 1 4 1] -> 13141
[1 3 1 4 2] -> 13142
[1 3 1 4 3] -> 13143
[1 3 1 4 4] -> 13144
[1 3 2 0 0] -> 13200
[1 3 2 0 1] -> 13201
[1 3 2 0 2] -> 13202
[1 3 2 0 3] -> 13203
[1 3 2 0 4] -> 13204
[1 3 2 1 0] -> 13210
[1 3 2 1 1] -> 13211
[1 3 2 1 2] -> 13212
[1 3 2 1 3] -> 13213
[1 3 2 1 4] -> 13214
[1 3 2 2 0] -> 13220
[1 3 2 2 1] -> 13221
[1 3 2 2 2] -> 13222
[1 3 2 2 3] -> 13223
[1 3 2 2 4] -> 13224
[1 3 2 3 0] -> 13230
[1 3 2 3 1] -> 13231
[1 3 2 3 2] -> 13232
[1 3 2 3 3] -> 13233
[1 3 2 3 4] -> 13234
[1 3 2 4 0] -> 13240
[1 3 2 4 1] -> 13241
[1 3 2 4 2] -> 13242
[1 3 2 4 3] -> 13243
[1 3 2 4 4] -> 13244
[1 3 3 0 0] -> 13300
[1 3 3 0 1] -> 13301
[1 3 3 0 2] -> 13302
[1 3 3 0 3] -> 13303
[1 3 3 0 4] -> 13304
[1 3 3 1 0] -> 13310
[1 3 3 1 1] -> 13311
[1 3 3 1 2] -> 13312
[1 3 3 1 3] -> 13313
[1 3 3 1 4] -> 13314
[1 3 3 2 0] -> 13320
[1 3 3 2 1] -> 13321
[1 3 3 2 2] -> 13322
[1 3 3 2 3] -> 13323
[1 3 3 2 4] -> 13324
[1 3 3 3 0] -> 13330
[1 3 3 3 1] -> 13331
[1 3 3 3 2] -> 13332
[1 3 3 3 3] -> 13333
[1 3 3 3 4] -> 13334
[1 3 3 4 0] -> 13340
[1 3 3 4 1] -> 13341
[1 3 3 4 2] -> 13342
[1 3 3 4 3] -> 13343
[1 3 3 4 4] -> 13344
[1 3 4 0 0] -> 13400
[1 3 4 0 1] -> 13401
[1 3 4 0 2] -> 13402
[1 3 4 0 3] -> 13403
[1 3 4 0 4] -> 13404
[1 3 4 1 0] -> 13410
[1 3 4 1 1] -> 13411
[1 3 4 1 2] -> 13412
[1 3 4 1 3] -> 13413
[1 3 4 1 4] -> 13414
[1 3 4 2 0] -> 13420
[1 3 4 2 1] -> 13421
[1 3 4 2 2] -> 13422
[1 3 4 2 3] -> 13423
[1 3 4 2 4] -> 13424
[1 3 4 3 0] -> 13430
[1 3 4 3 1] -> 13431
[1 3 4 3 2] -> 13432
[1 3 4 3 3] -> 13433
[1 3 4 3 4] -> 13434
[1 3 4 4 0] -> 13440
[1 3 4 4 1] -> 13441
[1 3 4 4 2] -> 13442
[1 3 4 4 3] -> 13443
[1 3 4 4 4] -> 13444
[1 4 0 0 0] -> 14000
[1 4 0 0 1] -> 14001
[1 4 0 0 2] -> 14002
[1 4 0 0 3] -> 14003
[1 4 0 0 4] -> 14004
[1 4 0 1 0] -> 14010
[1 4 0 1 1] -> 14011
[1 4 0 1 2] -> 14012
[1 4 0 1 3] -> 14013
[1 4 0 1 4] -> 14014
[1 4 0 2 0] -> 14020
[1 4 0 2 1] -> 14021
[1 4 0 2 2] -> 14022
[1 4 0 2 3] -> 14023
[1 4 0 2 4] -> 14024
[1 4 0 3 0] -> 14030
[1 4 0 3 1] -> 14031
[1 4 0 3 2] -> 14032
[1 4 0 3 3] -> 14033
[1 4 0 3 4] -> 14034
[1 4 0 4 0] -> 14040
[1 4 0 4 1] -> 14041
[1 4 0 4 2] -> 14042
[1 4 0 4 3] -> 14043
[1 4 0 4 4] -> 14044
[1 4 1 0 0] -> 14100
[1 4 1 0 1] -> 14101
[1 4 1 0 2] -> 14102
[1 4 1 0 3] -> 14103
[1 4 1 0 4] -> 14104
[1 4 1 1 0] -> 14110
[1 4 1 1 1] -> 14111
[1 4 1 1 2] -> 14112
[1 4 1 1 3] -> 14113
[1 4 1 1 4] -> 14114
[1 4 1 2 0] -> 14120
[1 4 1 2 1] -> 14121
[1 4 1 2 2] -> 14122
[1 4 1 2 3] -> 14123
[1 4 1 2 4] -> 14124
[1 4 1 3 0] -> 14130
[1 4 1 3 1] -> 14131
[1 4 1 3 2] -> 14132
[1 4 1 3 3] -> 14133
[1 4 1 3 4] -> 14134
[1 4 1 4 0] -> 14140
[1 4 1 4 1] -> 14141
[1 4 1 4 2] -> 14142
[1 4 1 4 3] -> 14143
[1 4 1 4 4] -> 14144
[1 4 2 0 0] -> 14200
[1 4 2 0 1] -> 14201
[1 4 2 0 2] -> 14202
[1 4 2 0 3] -> 14203
[1 4 2 0 4] -> 14204
[1 4 2 1 0] -> 14210
[1 4 2 1 1] -> 14211
[1 4 2 1 2] -> 14212
[1 4 2 1 3] -> 14213
[1 4 2 1 4] -> 14214
[1 4 2 2 0] -> 14220
[1 4 2 2 1] -> 14221
[1 4 2 2 2] -> 14222
[1 4 2 2 3] -> 14223
[1 4 2 2 4] -> 14224
[1 4 2 3 0] -> 14230
[1 4 2 3 1] -> 14231
[1 4 2 3 2] -> 14232
[1 4 2 3 3] -> 14233
[1 4 2 3 4] -> 14234
[1 4 2 4 0] -> 14240
[1 4 2 4 1] -> 14241
[1 4 2 4 2] -> 14242
[1 4 2 4 3] -> 14243
[1 4 2 4 4] -> 14244
[1 4 3 0 0] -> 14300
[1 4 3 0 1] -> 14301
[1 4 3 0 2] -> 14302
[1 4 3 0 3] -> 14303
[1 4 3 0 4] -> 14304
[1 4 3 1 0] -> 14310
[1 4 3 1 1] -> 14311
[1 4 3 1 2] -> 14312
[1 4 3 1 3] -> 14313
[1 4 3 1 4] -> 14314
[1 4 3 2 0] -> 14320
[1 4 3 2 1] -> 14321
[1 4 3 2 2] -> 14322
[1 4 3 2 3] -> 14323
[1 4 3 2 4] -> 14324
[1 4 3 3 0] -> 14330
[1 4 3 3 1] -> 14331
[1 4 3 3 2] -> 14332
[1 4 3 3 3] -> 14333
[1 4 3 3 4] -> 14334
[1 4 3 4 0] -> 14340
[1 4 3 4 1] -> 14341
[1 4 3 4 2] -> 14342
[1 4 3 4 3] -> 14343
[1 4 3 4 4] -> 14344
[1 4 4 0 0] -> 14400
[1 4 4 0 1] -> 14401
[1 4 4 0 2] -> 14402
[1 4 4 0 3] -> 14403
[1 4 4 0 4] -> 14404
[1 4 4 1 0] -> 14410
[1 4 4 1 1] -> 14411
[1 4 4 1 2] -> 14412
[1 4 4 1 3] -> 14413
[1 4 4 1 4] -> 14414
[1 4 4 2 0] -> 14420
[1 4 4 2 1] -> 14421
[1 4 4 2 2] -> 14422
[1 4 4 2 3] -> 14423
[1 4 4 2 4] -> 14424
[1 4 4 3 0] -> 14430
[1 4 4 3 1] -> 14431
[1 4 4 3 2] -> 14432
[1 4 4 3 3] -> 14433
[1 4 4 3 4] -> 14434
[1 4 4 4 0] -> 14440
[1 4 4 4 1] -> 14441
[1 4 4 4 2] -> 14442
[1 4 4 4 3] -> 14443
[1 4 4 4 4] -> 14444
[2 0 0 0 0] -> 20000
[2 0 0 0 1] -> 20001
[2 0 0 0 2] -> 20002
[2 0 0 0 3] -> 20003
[2 0 0 0 4] -> 20004
[2 0 0 1 0] -> 20010
[2 0 0 1 1] -> 20011
[2 0 0 1 2] -> 20012
[2 0 0 1 3] -> 20013
[2 0 0 1 4] -> 20014
[2 0 0 2 0] -> 20020
[2 0 0 2 1] -> 20021
[2 0 0 2 2] -> 20022
[2 0 0 2 3] -> 20023
[2 0 0 2 4] -> 20024
[2 0 0 3 0] -> 20030
[2 0 0 3 1] -> 20031
[2 0 0 3 2] -> 20032
[2 0 0 3 3] -> 20033
[2 0 0 3 4] -> 20034
[2 0 0 4 0] -> 20040
[2 0 0 4 1] -> 20041
[2 0 0 4 2] -> 20042
[2 0 0 4 3] -> 20043
[2 0 0 4 4] -> 20044
[2 0 1 0 0] -> 20100
[2 0 1 0 1] -> 20101
[2 0 1 0 2] -> 20102
[2 0 1 0 3] -> 20103
[2 0 1 0 4] -> 20104
[2 0 1 1 0] -> 20110
[2 0 1 1 1] -> 20111
[2 0 1 1 2] -> 20112
[2 0 1 1 3] -> 20113
[2 0 1 1 4] -> 20114
[2 0 1 2 0] -> 20120
[2 0 1 2 1] -> 20121
[2 0 1 2 2] -> 20122
[2 0 1 2 3] -> 20123
[2 0 1 2 4] -> 20124
[2 0 1 3 0] -> 20130
[2 0 1 3 1] -> 20131
[2 0 1 3 2] -> 20132
[2 0 1 3 3] -> 20133
[2 0 1 3 4] -> 20134
[2 0 1 4 0] -> 20140
[2 0 1 4 1] -> 20141
[2 0 1 4 2] -> 20142
[2 0 1 4 3] -> 20143
[2 0 1 4 4] -> 20144
[2 0 2 0 0] -> 20200
[2 0 2 0 1] -> 20201
[2 0 2 0 2] -> 20202
[2 0 2 0 3] -> 20203
[2 0 2 0 4] -> 20204
[2 0 2 1 0] -> 20210
[2 0 2 1 1] -> 20211
[2 0 2 1 2] -> 20212
[2 0 2 1 3] -> 20213
[2 0 2 1 4] -> 20214
[2 0 2 2 0] -> 20220
[2 0 2 2 1] -> 20221
[2 0 2 2 2] -> 20222
[2 0 2 2 3] -> 20223
[2 0 2 2 4] -> 20224
[2 0 2 3 0] -> 20230
[2 0 2 3 1] -> 20231
[2 0 2 3 2] -> 20232
[2 0 2 3 3] -> 20233
[2 0 2 3 4] -> 20234
[2 0 2 4 0] -> 20240
[2 0 2 4 1] -> 20241
[2 0 2 4 2] -> 20242
[2 0 2 4 3] -> 20243
[2 0 2 4 4] -> 20244
[2 0 3 0 0] -> 20300
[2 0 3 0 1] -> 20301
[2 0 3 0 2] -> 20302
[2 0 3 0 3] -> 20303
[2 0 3 0 4] -> 20304
[2 0 3 1 0] -> 20310
[2 0 3 1 1] -> 20311
[2 0 3 1 2] -> 20312
[2 0 3 1 3] -> 20313
[2 0 3 1 4] -> 20314
[2 0 3 2 0] -> 20320
[2 0 3 2 1] -> 20321
[2 0 3 2 2] -> 20322
[2 0 3 2 3] -> 20323
[2 0 3 2 4] -> 20324
[2 0 3 3 0] -> 20330
[2 0 3 3 1] -> 20331
[2 0 3 3 2] -> 20332
[2 0 3 3 3] -> 20333
[2 0 3 3 4] -> 20334
[2 0 3 4 0] -> 20340
[2 0 3 4 1] -> 20341
[2 0 3 4 2] -> 20342
[2 0 3 4 3] -> 20343
[2 0 3 4 4] -> 20344
[2 0 4 0 0] -> 20400
[2 0 4 0 1] -> 20401
[2 0 4 0 2] -> 20402
[2 0 4 0 3] -> 20403
[2 0 4 0 4] -> 20404
[2 0 4 1 0] -> 20410
[2 0 4 1 1] -> 20411
[2 0 4 1 2] -> 20412
[2 0 4 1 3] -> 20413
[2 0 4 1 4] -> 20414
[2 0 4 2 0] -> 20420
[2 0 4 2 1] -> 20421
[2 0 4 2 2] -> 20422
[2 0 4 2 3] -> 20423
[2 0 4 2 4] -> 20424
[2 0 4 3 0] -> 20430
[2 0 4 3 1] -> 20431
[2 0 4 3 2] -> 20432
[2 0 4 3 3] -> 20433
[2 0 4 3 4] -> 20434
[2 0 4 4 0] -> 20440
[2 0 4 4 1] -> 20441
[2 0 4 4 2] -> 20442
[2 0 4 4 3] -> 20443
[2 0 4 4 4] -> 20444
[2 1 0 0 0] -> 21000
[2 1 0 0 1] -> 21001
[2 1 0 0 2] -> 21002
[2 1 0 0 3] -> 21003
[2 1 0 0 4] -> 21004
[2 1 0 1 0] -> 21010
[2 1 0 1 1] -> 21011
[2 1 0 1 2] -> 21012
[2 1 0 1 3] -> 21013
[2 1 0 1 4] -> 21014
[2 1 0 2 0] -> 21020
[2 1 0 2 1] -> 21021
[2 1 0 2 2] -> 21022
[2 1 0 2 3] -> 21023
[2 1 0 2 4] -> 21024
[2 1 0 3 0] -> 21030
[2 1 0 3 1] -> 21031
[2 1 0 3 2] -> 21032
[2 1 0 3 3] -> 21033
[2 1 0 3 4] -> 21034
[2 1 0 4 0] -> 21040
[2 1 0 4 1] -> 21041
[2 1 0 4 2] -> 21042
[2 1 0 4 3] -> 21043
[2 1 0 4 4] -> 21044
[2 1 1 0 0] -> 21100
[2 1 1 0 1] -> 21101
[2 1 1 0 2] -> 21102
[2 1 1 0 3] -> 21103
[2 1 1 0 4] -> 21104
[2 1 1 1 0] -> 21110
[2 1 1 1 1] -> 21111
[2 1 1 1 2] -> 21112
[2 1 1 1 3] -> 21113
[2 1 1 1 4] -> 21114
[2 1 1 2 0] -> 21120
[2 1 1 2 1] -> 21121
[2 1 1 2 2] -> 21122
[2 1 1 2 3] -> 21123
[2 1 1 2 4] -> 21124
[2 1 1 3 0] -> 21130
[2 1 1 3 1] -> 21131
[2 1 1 3 2] -> 21132
[2 1 1 3 3] -> 21133
[2 1 1 3 4] -> 21134
[2 1 1 4 0] -> 21140
[2 1 1 4 1] -> 21141
[2 1 1 4 2] -> 21142
[2 1 1 4 3] -> 21143
[2 1 1 4 4] -> 21144
[2 1 2 0 0] -> 21200
[2 1 2 0 1] -> 21201
[2 1 2 0 2] -> 21202
[2 1 2 0 3] -> 21203
[2 1 2 0 4] -> 21204
[2 1 2 1 0] -> 21210
[2 1 2 1 1] -> 21211
[2 1 2 1 2] -> 21212
[2 1 2 1 3] -> 21213
[2 1 2 1 4] -> 21214
[2 1 2 2 0] -> 21220
[2 1 2 2 1] -> 21221
[2 1 2 2 2] -> 21222
[2 1 2 2 3] -> 21223
[2 1 2 2 4] -> 21224
[2 1 2 3 0] -> 21230
[2 1 2 3 1] -> 21231
[2 1 2 3 2] -> 21232
[2 1 2 3 3] -> 21233
[2 1 2 3 4] -> 21234
[2 1 2 4 0] -> 21240
[2 1 2 4 1] -> 21241
[2 1 2 4 2] -> 21242
[2 1 2 4 3] -> 21243
[2 1 2 4 4] -> 21244
[2 1 3 0 0] -> 21300
[2 1 3 0 1] -> 21301
[2 1 3 0 2] -> 21302
[2 1 3 0 3] -> 21303
[2 1 3 0 4] -> 21304
[2 1 3 1 0] -> 21310
[2 1 3 1 1] -> 21311
[2 1 3 1 2] -> 21312
[2 1 3 1 3] -> 21313
[2 1 3 1 4] -> 21314
[2 1 3 2 0] -> 21320
[2 1 3 2 1] -> 21321
[2 1 3 2 2] -> 21322
[2 1 3 2 3] -> 21323
[2 1 3 2 4] -> 21324
[2 1 3 3 0] -> 21330
[2 1 3 3 1] -> 21331
[2 1 3 3 2] -> 21332
[2 1 3 3 3] -> 21333
[2 1 3 3 4] -> 21334
[2 1 3 4 0] -> 21340
[2 1 3 4 1] -> 21341
[2 1 3 4 2] -> 21342
[2 1 3 4 3] -> 21343
[2 1 3 4 4] -> 21344
[2 1 4 0 0] -> 21400
[2 1 4 0 1] -> 21401
[2 1 4 0 2] -> 21402
[2 1 4 0 3] -> 21403
[2 1 4 0 4] -> 21404
[2 1 4 1 0] -> 21410
[2 1 4 1 1] -> 21411
[2 1 4 1 2] -> 21412
[2 1 4 1 3] -> 21413
[2 1 4 1 4] -> 21414
[2 1 4 2 0] -> 21420
[2 1 4 2 1] -> 21421
[2 1 4 2 2] -> 21422
[2 1 4 2 3] -> 21423
[2 1 4 2 4] -> 21424
[2 1 4 3 0] -> 21430
[2 1 4 3 1] -> 21431
[2 1 4 3 2] -> 21432
[2 1 4 3 3] -> 21433
[2 1 4 3 4] -> 21434
[2 1 4 4 0] -> 21440
[2 1 4 4 1] -> 21441
[2 1 4 4 2] -> 21442
[2 1 4 4 3] -> 21443
[2 1 4 4 4] -> 21444
[2 2 0 0 0] -> 22000
[2 2 0 0 1] -> 22001
[2 2 0 0 2] -> 22002
[2 2 0 0 3] -> 22003
[2 2 0 0 4] -> 22004
[2 2 0 1 0] -> 22010
[2 2 0 1 1] -> 22011
[2 2 0 1 2] -> 22012
[2 2 0 1 3] -> 22013
[2 2 0 1 4] -> 22014
[2 2 0 2 0] -> 22020
[2 2 0 2 1] -> 22021
[2 2 0 2 2] -> 22022
[2 2 0 2 3] -> 22023
[2 2 0 2 4] -> 22024
[2 2 0 3 0] -> 22030
[2 2 0 3 1] -> 22031
[2 2 0 3 2] -> 22032
[2 2 0 3 3] -> 22033
[2 2 0 3 4] -> 22034
[2 2 0 4 0] -> 22040
[2 2 0 4 1] -> 22041
[2 2 0 4 2] -> 22042
[2 2 0 4 3] -> 22043
[2 2 0 4 4] -> 22044
[2 2 1 0 0] -> 22100
[2 2 1 0 1] -> 22101
[2 2 1 0 2] -> 22102
[2 2 1 0 3] -> 22103
[2 2 1 0 4] -> 22104
[2 2 1 1 0] -> 22110
[2 2 1 1 1] -> 22111
[2 2 1 1 2] -> 22112
[2 2 1 1 3] -> 22113
[2 2 1 1 4] -> 22114
[2 2 1 2 0] -> 22120
[2 2 1 2 1] -> 22121
[2 2 1 2 2] -> 22122
[2 2 1 2 3] -> 22123
[2 2 1 2 4] -> 22124
[2 2 1 3 0] -> 22130
[2 2 1 3 1] -> 22131
[2 2 1 3 2] -> 22132
[2 2 1 3 3] -> 22133
[2 2 1 3 4] -> 22134
[2 2 1 4 0] -> 22140
[2 2 1 4 1] -> 22141
[2 2 1 4 2] -> 22142
[2 2 1 4 3] -> 22143
[2 2 1 4 4] -> 22144
[2 2 2 0 0] -> 22200
[2 2 2 0 1] -> 22201
[2 2 2 0 2] -> 22202
[2 2 2 0 3] -> 22203
[2 2 2 0 4] -> 22204
[2 2 2 1 0] -> 22210
[2 2 2 1 1] -> 22211
[2 2 2 1 2] -> 22212
[2 2 2 1 3] -> 22213
[2 2 2 1 4] -> 22214
[2 2 2 2 0] -> 22220
[2 2 2 2 1] -> 22221
[2 2 2 2 2] -> 22222
[2 2 2 2 3] -> 22223
[2 2 2 2 4] -> 22224
[2 2 2 3 0] -> 22230
[2 2 2 3 1] -> 22231
[2 2 2 3 2] -> 22232
[2 2 2 3 3] -> 22233
[2 2 2 3 4] -> 22234
[2 2 2 4 0] -> 22240
[2 2 2 4 1] -> 22241
[2 2 2 4 2] -> 22242
[2 2 2 4 3] -> 22243
[2 2 2 4 4] -> 22244
[2 2 3 0 0] -> 22300
[2 2 3 0 1] -> 22301
[2 2 3 0 2] -> 22302
[2 2 3 0 3] -> 22303
[2 2 3 0 4] -> 22304
[2 2 3 1 0] -> 22310
[2 2 3 1 1] -> 22311
[2 2 3 1 2] -> 22312
[2 2 3 1 3] -> 22313
[2 2 3 1 4] -> 22314
[2 2 3 2 0] -> 22320
[2 2 3 2 1] -> 22321
[2 2 3 2 2] -> 22322
[2 2 3 2 3] -> 22323
[2 2 3 2 4] -> 22324
[2 2 3 3 0] -> 22330
[2 2 3 3 1] -> 22331
[2 2 3 3 2] -> 22332
[2 2 3 3 3] -> 22333
[2 2 3 3 4] -> 22334
[2 2 3 4 0] -> 22340
[2 2 3 4 1] -> 22341
[2 2 3 4 2] -> 22342
[2 2 3 4 3] -> 22343
[2 2 3 4 4] -> 22344
[2 2 4 0 0] -> 22400
[2 2 4 0 1] -> 22401
[2 2 4 0 2] -> 22402
[2 2 4 0 3] -> 22403
[2 2 4 0 4] -> 22404
[2 2 4 1 0] -> 22410
[2 2 4 1 1] -> 22411
[2 2 4 1 2] -> 22412
[2 2 4 1 3] -> 22413
[2 2 4 1 4] -> 22414
[2 2 4 2 0] -> 22420
[2 2 4 2 1] -> 22421
[2 2 4 2 2] -> 22422
[2 2 4 2 3] -> 22423
[2 2 4 2 4] -> 22424
[2 2 4 3 0] -> 22430
[2 2 4 3 1] -> 22431
[2 2 4 3 2] -> 22432
[2 2 4 3 3] -> 22433
[2 2 4 3 4] -> 22434
[2 2 4 4 0] -> 22440
[2 2 4 4 1] -> 22441
[2 2 4 4 2] -> 22442
[2 2 4 4 3] -> 22443
[2 2 4 4 4] -> 22444
[2 3 0 0 0] -> 23000
[2 3 0 0 1] -> 23001
[2 3 0 0 2] -> 23002
[2 3 0 0 3] -> 23003
[2 3 0 0 4] -> 23004
[2 3 0 1 0] -> 23010
[2 3 0 1 1] -> 23011
[2 3 0 1 2] -> 23012
[2 3 0 1 3] -> 23013
[2 3 0 1 4] -> 23014
[2 3 0 2 0] -> 23020
[2 3 0 2 1] -> 23021
[2 3 0 2 2] -> 23022
[2 3 0 2 3] -> 23023
[2 3 0 2 4] -> 23024
[2 3 0 3 0] -> 23030
[2 3 0 3 1] -> 23031
[2 3 0 3 2] -> 23032
[2 3 0 3 3] -> 23033
[2 3 0 3 4] -> 23034
[2 3 0 4 0] -> 23040
[2 3 0 4 1] -> 23041
[2 3 0 4 2] -> 23042
[2 3 0 4 3] -> 23043
[2 3 0 4 4] -> 23044
[2 3 1 0 0] -> 23100
[2 3 1 0 1] -> 23101
[2 3 1 0 2] -> 23102
[2 3 1 0 3] -> 23103
[2 3 1 0 4] -> 23104
[2 3 1 1 0] -> 23110
[2 3 1 1 1] -> 23111
[2 3 1 1 2] -> 23112
[2 3 1 1 3] -> 23113
[2 3 1 1 4] -> 23114
[2 3 1 2 0] -> 23120
[2 3 1 2 1] -> 23121
[2 3 1 2 2] -> 23122
[2 3 1 2 3] -> 23123
[2 3 1 2 4] -> 23124
[2 3 1 3 0] -> 23130
[2 3 1 3 1] -> 23131
[2 3 1 3 2] -> 23132
[2 3 1 3 3] -> 23133
[2 3 1 3 4] -> 23134
[2 3 1 4 0] -> 23140
[2 3 1 4 1] -> 23141
[2 3 1 4 2] -> 23142
[2 3 1 4 3] -> 23143
[2 3 1 4 4] -> 23144
[2 3 2 0 0] -> 23200
[2 3 2 0 1] -> 23201
[2 3 2 0 2] -> 23202
[2 3 2 0 3] -> 23203
[2 3 2 0 4] -> 23204
[2 3 2 1 0] -> 23210
[2 3 2 1 1] -> 23211
[2 3 2 1 2] -> 23212
[2 3 2 1 3] -> 23213
[2 3 2 1 4] -> 23214
[2 3 2 2 0] -> 23220
[2 3 2 2 1] -> 23221
[2 3 2 2 2] -> 23222
[2 3 2 2 3] -> 23223
[2 3 2 2 4] -> 23224
[2 3 2 3 0] -> 23230
[2 3 2 3 1] -> 23231
[2 3 2 3 2] -> 23232
[2 3 2 3 3] -> 23233
[2 3 2 3 4] -> 23234
[2 3 2 4 0] -> 23240
[2 3 2 4 1] -> 23241
[2 3 2 4 2] -> 23242
[2 3 2 4 3] -> 23243
[2 3 2 4 4] -> 23244
[2 3 3 0 0] -> 23300
[2 3 3 0 1] -> 23301
[2 3 3 0 2] -> 23302
[2 3 3 0 3] -> 23303
[2 3 3 0 4] -> 23304
[2 3 3 1 0] -> 23310
[2 3 3 1 1] -> 23311
[2 3 3 1 2] -> 23312
[2 3 3 1 3] -> 23313
[2 3 3 1 4] -> 23314
[2 3 3 2 0] -> 23320
[2 3 3 2 1] -> 23321
[2 3 3 2 2] -> 23322
[2 3 3 2 3] -> 23323
[2 3 3 2 4] -> 23324
[2 3 3 3 0] -> 23330
[2 3 3 3 1] -> 23331
[2 3 3 3 2] -> 23332
[2 3 3 3 3] -> 23333
[2 3 3 3 4] -> 23334
[2 3 3 4 0] -> 23340
[2 3 3 4 1] -> 23341
[2 3 3 4 2] -> 23342
[2 3 3 4 3] -> 23343
[2 3 3 4 4] -> 23344
[2 3 4 0 0] -> 23400
[2 3 4 0 1] -> 23401
[2 3 4 0 2] -> 23402
[2 3 4 0 3] -> 23403
[2 3 4 0 4] -> 23404
[2 3 4 1 0] -> 23410
[2 3 4 1 1] -> 23411
[2 3 4 1 2] -> 23412
[2 3 4 1 3] -> 23413
[2 3 4 1 4] -> 23414
[2 3 4 2 0] -> 23420
[2 3 4 2 1] -> 23421
[2 3 4 2 2] -> 23422
[2 3 4 2 3] -> 23423
[2 3 4 2 4] -> 23424
[2 3 4 3 0] -> 23430
[2 3 4 3 1] -> 23431
[2 3 4 3 2] -> 23432
[2 3 4 3 3] -> 23433
[2 3 4 3 4] -> 23434
[2 3 4 4 0] -> 23440
[2 3 4 4 1] -> 23441
[2 3 4 4 2] -> 23442
[2 3 4 4 3] -> 23443
[2 3 4 4 4] -> 23444
[2 4 0 0 0] -> 24000
[2 4 0 0 1] -> 24001
[2 4 0 0 2] -> 24002
[2 4 0 0 3] -> 24003
[2 4 0 0 4] -> 24004
[2 4 0 1 0] -> 24010
[2 4 0 1 1] -> 24011
[2 4 0 1 2] -> 24012
[2 4 0 1 3] -> 24013
[2 4 0 1 4] -> 24014
[2 4 0 2 0] -> 24020
[2 4 0 2 1] -> 24021
[2 4 0 2 2] -> 24022
[2 4 0 2 3] -> 24023
[2 4 0 2 4] -> 24024
[2 4 0 3 0] -> 24030
[2 4 0 3 1] -> 24031
[2 4 0 3 2] -> 24032
[2 4 0 3 3] -> 24033
[2 4 0 3 4] -> 24034
[2 4 0 4 0] -> 24040
[2 4 0 4 1] -> 24041
[2 4 0 4 2] -> 24042
[2 4 0 4 3] -> 24043
[2 4 0 4 4] -> 24044
[2 4 1 0 0] -> 24100
[2 4 1 0 1] -> 24101
[2 4 1 0 2] -> 24102
[2 4 1 0 3] -> 24103
[2 4 1 0 4] -> 24104
[2 4 1 1 0] -> 24110
[2 4 1 1 1] -> 24111
[2 4 1 1 2] -> 24112
[2 4 1 1 3] -> 24113
[2 4 1 1 4] -> 24114
[2 4 1 2 0] -> 24120
[2 4 1 2 1] -> 24121
[2 4 1 2 2] -> 24122
[2 4 1 2 3] -> 24123
[2 4 1 2 4] -> 24124
[2 4 1 3 0] -> 24130
[2 4 1 3 1] -> 24131
[2 4 1 3 2] -> 24132
[2 4 1 3 3] -> 24133
[2 4 1 3 4] -> 24134
[2 4 1 4 0] -> 24140
[2 4 1 4 1] -> 24141
[2 4 1 4 2] -> 24142
[2 4 1 4 3] -> 24143
[2 4 1 4 4] -> 24144
[2 4 2 0 0] -> 24200
[2 4 2 0 1] -> 24201
[2 4 2 0 2] -> 24202
[2 4 2 0 3] -> 24203
[2 4 2 0 4] -> 24204
[2 4 2 1 0] -> 24210
[2 4 2 1 1] -> 24211
[2 4 2 1 2] -> 24212
[2 4 2 1 3] -> 24213
[2 4 2 1 4] -> 24214
[2 4 2 2 0] -> 24220
[2 4 2 2 1] -> 24221
[2 4 2 2 2] -> 24222
[2 4 2 2 3] -> 24223
[2 4 2 2 4] -> 24224
[2 4 2 3 0] -> 24230
[2 4 2 3 1] -> 24231
[2 4 2 3 2] -> 24232
[2 4 2 3 3] -> 24233
[2 4 2 3 4] -> 24234
[2 4 2 4 0] -> 24240
[2 4 2 4 1] -> 24241
[2 4 2 4 2] -> 24242
[2 4 2 4 3] -> 24243
[2 4 2 4 4] -> 24244
[2 4 3 0 0] -> 24300
[2 4 3 0 1] -> 24301
[2 4 3 0 2] -> 24302
[2 4 3 0 3] -> 24303
[2 4 3 0 4] -> 24304
[2 4 3 1 0] -> 24310
[2 4 3 1 1] -> 24311
[2 4 3 1 2] -> 24312
[2 4 3 1 3] -> 24313
[2 4 3 1 4] -> 24314
[2 4 3 2 0] -> 24320
[2 4 3 2 1] -> 24321
[2 4 3 2 2] -> 24322
[2 4 3 2 3] -> 24323
[2 4 3 2 4] -> 24324
[2 4 3 3 0] -> 24330
[2 4 3 3 1] -> 24331
[2 4 3 3 2] -> 24332
[2 4 3 3 3] -> 24333
[2 4 3 3 4] -> 24334
[2 4 3 4 0] -> 24340
[2 4 3 4 1] -> 24341
[2 4 3 4 2] -> 24342
[2 4 3 4 3] -> 24343
[2 4 3 4 4] -> 24344
[2 4 4 0 0] -> 24400
[2 4 4 0 1] -> 24401
[2 4 4 0 2] -> 24402
[2 4 4 0 3] -> 24403
[2 4 4 0 4] -> 24404
[2 4 4 1 0] -> 24410
[2 4 4 1 1] -> 24411
[2 4 4 1 2] -> 24412
[2 4 4 1 3] -> 24413
[2 4 4 1 4] -> 24414
[2 4 4 2 0] -> 24420
[2 4 4 2 1] -> 24421
[2 4 4 2 2] -> 24422
[2 4 4 2 3] -> 24423
[2 4 4 2 4] -> 24424
[2 4 4 3 0] -> 24430
[2 4 4 3 1] -> 24431
[2 4 4 3 2] -> 24432
[2 4 4 3 3] -> 24433
[2 4 4 3 4] -> 24434
[2 4 4 4 0] -> 24440
[2 4 4 4 1] -> 24441
[2 4 4 4 2] -> 24442
[2 4 4 4 3] -> 24443
[2 4 4 4 4] -> 24444
[3 0 0 0 0] -> 30000
[3 0 0 0 1] -> 30001
[3 0 0 0 2] -> 30002
[3 0 0 0 3] -> 30003
[3 0 0 0 4] -> 30004
[3 0 0 1 0] -> 30010
[3 0 0 1 1] -> 30011
[3 0 0 1 2] -> 30012
[3 0 0 1 3] -> 30013
[3 0 0 1 4] -> 30014
[3 0 0 2 0] -> 30020
[3 0 0 2 1] -> 30021
[3 0 0 2 2] -> 30022
[3 0 0 2 3] -> 30023
[3 0 0 2 4] -> 30024
[3 0 0 3 0] -> 30030
[3 0 0 3 1] -> 30031
[3 0 0 3 2] -> 30032
[3 0 0 3 3] -> 30033
[3 0 0 3 4] -> 30034
[3 0 0 4 0] -> 30040
[3 0 0 4 1] -> 30041
[3 0 0 4 2] -> 30042
[3 0 0 4 3] -> 30043
[3 0 0 4 4] -> 30044
[3 0 1 0 0] -> 30100
[3 0 1 0 1] -> 30101
[3 0 1 0 2] -> 30102
[3 0 1 0 3] -> 30103
[3 0 1 0 4] -> 30104
[3 0 1 1 0] -> 30110
[3 0 1 1 1] -> 30111
[3 0 1 1 2] -> 30112
[3 0 1 1 3] -> 30113
[3 0 1 1 4] -> 30114
[3 0 1 2 0] -> 30120
[3 0 1 2 1] -> 30121
[3 0 1 2 2] -> 30122
[3 0 1 2 3] -> 30123
[3 0 1 2 4] -> 30124
[3 0 1 3 0] -> 30130
[3 0 1 3 1] -> 30131
[3 0 1 3 2] -> 30132
[3 0 1 3 3] -> 30133
[3 0 1 3 4] -> 30134
[3 0 1 4 0] -> 30140
[3 0 1 4 1] -> 30141
[3 0 1 4 2] -> 30142
[3 0 1 4 3] -> 30143
[3 0 1 4 4] -> 30144
[3 0 2 0 0] -> 30200
[3 0 2 0 1] -> 30201
[3 0 2 0 2] -> 30202
[3 0 2 0 3] -> 30203
[3 0 2 0 4] -> 30204
[3 0 2 1 0] -> 30210
[3 0 2 1 1] -> 30211
[3 0 2 1 2] -> 30212
[3 0 2 1 3] -> 30213
[3 0 2 1 4] -> 30214
[3 0 2 2 0] -> 30220
[3 0 2 2 1] -> 30221
[3 0 2 2 2] -> 30222
[3 0 2 2 3] -> 30223
[3 0 2 2 4] -> 30224
[3 0 2 3 0] -> 30230
[3 0 2 3 1] -> 30231
[3 0 2 3 2] -> 30232
[3 0 2 3 3] -> 30233
[3 0 2 3 4] -> 30234
[3 0 2 4 0] -> 30240
[3 0 2 4 1] -> 30241
[3 0 2 4 2] -> 30242
[3 0 2 4 3] -> 30243
[3 0 2 4 4] -> 30244
[3 0 3 0 0] -> 30300
[3 0 3 0 1] -> 30301
[3 0 3 0 2] -> 30302
[3 0 3 0 3] -> 30303
[3 0 3 0 4] -> 30304
[3 0 3 1 0] -> 30310
[3 0 3 1 1] -> 30311
[3 0 3 1 2] -> 30312
[3 0 3 1 3] -> 30313
[3 0 3 1 4] -> 30314
[3 0 3 2 0] -> 30320
[3 0 3 2 1] -> 30321
[3 0 3 2 2] -> 30322
[3 0 3 2 3] -> 30323
[3 0 3 2 4] -> 30324
[3 0 3 3 0] -> 30330
[3 0 3 3 1] -> 30331
[3 0 3 3 2] -> 30332
[3 0 3 3 3] -> 30333
[3 0 3 3 4] -> 30334
[3 0 3 4 0] -> 30340
[3 0 3 4 1] -> 30341
[3 0 3 4 2] -> 30342
[3 0 3 4 3] -> 30343
[3 0 3 4 4] -> 30344
[3 0 4 0 0] -> 30400
[3 0 4 0 1] -> 30401
[3 0 4 0 2] -> 30402
[3 0 4 0 3] -> 30403
[3 0 4 0 4] -> 30404
[3 0 4 1 0] -> 30410
[3 0 4 1 1] -> 30411
[3 0 4 1 2] -> 30412
[3 0 4 1 3] -> 30413
[3 0 4 1 4] -> 30414
[3 0 4 2 0] -> 30420
[3 0 4 2 1] -> 30421
[3 0 4 2 2] -> 30422
[3 0 4 2 3] -> 30423
[3 0 4 2 4] -> 30424
[3 0 4 3 0] -> 30430
[3 0 4 3 1] -> 30431
[3 0 4 3 2] -> 30432
[3 0 4 3 3] -> 30433
[3 0 4 3 4] -> 30434
[3 0 4 4 0] -> 30440
[3 0 4 4 1] -> 30441
[3 0 4 4 2] -> 30442
[3 0 4 4 3] -> 30443
[3 0 4 4 4] -> 30444
[3 1 0 0 0] -> 31000
[3 1 0 0 1] -> 31001
[3 1 0 0 2] -> 31002
[3 1 0 0 3] -> 31003
[3 1 0 0 4] -> 31004
[3 1 0 1 0] -> 31010
[3 1 0 1 1] -> 31011
[3 1 0 1 2] -> 31012
[3 1 0 1 3] -> 31013
[3 1 0 1 4] -> 31014
[3 1 0 2 0] -> 31020
[3 1 0 2 1] -> 31021
[3 1 0 2 2] -> 31022
[3 1 0 2 3] -> 31023
[3 1 0 2 4] -> 31024
[3 1 0 3 0] -> 31030
[3 1 0 3 1] -> 31031
[3 1 0 3 2] -> 31032
[3 1 0 3 3] -> 31033
[3 1 0 3 4] -> 31034
[3 1 0 4 0] -> 31040
[3 1 0 4 1] -> 31041
[3 1 0 4 2] -> 31042
[3 1 0 4 3] -> 31043
[3 1 0 4 4] -> 31044
[3 1 1 0 0] -> 31100
[3 1 1 0 1] -> 31101
[3 1 1 0 2] -> 31102
[3 1 1 0 3] -> 31103
[3 1 1 0 4] -> 31104
[3 1 1 1 0] -> 31110
[3 1 1 1 1] -> 31111
[3 1 1 1 2] -> 31112
[3 1 1 1 3] -> 31113
[3 1 1 1 4] -> 31114
[3 1 1 2 0] -> 31120
[3 1 1 2 1] -> 31121
[3 1 1 2 2] -> 31122
[3 1 1 2 3] -> 31123
[3 1 1 2 4] -> 31124
[3 1 1 3 0] -> 31130
[3 1 1 3 1] -> 31131
[3 1 1 3 2] -> 31132
[3 1 1 3 3] -> 31133
[3 1 1 3 4] -> 31134
[3 1 1 4 0] -> 31140
[3 1 1 4 1] -> 31141
[3 1 1 4 2] -> 31142
[3 1 1 4 3] -> 31143
[3 1 1 4 4] -> 31144
[3 1 2 0 0] -> 31200
[3 1 2 0 1] -> 31201
[3 1 2 0 2] -> 31202
[3 1 2 0 3] -> 31203
[3 1 2 0 4] -> 31204
[3 1 2 1 0] -> 31210
[3 1 2 1 1] -> 31211
[3 1 2 1 2] -> 31212
[3 1 2 1 3] -> 31213
[3 1 2 1 4] -> 31214
[3 1 2 2 0] -> 31220
[3 1 2 2 1] -> 31221
[3 1 2 2 2] -> 31222
[3 1 2 2 3] -> 31223
[3 1 2 2 4] -> 31224
[3 1 2 3 0] -> 31230
[3 1 2 3 1] -> 31231
[3 1 2 3 2] -> 31232
[3 1 2 3 3] -> 31233
[3 1 2 3 4] -> 31234
[3 1 2 4 0] -> 31240
[3 1 2 4 1] -> 31241
[3 1 2 4 2] -> 31242
[3 1 2 4 3] -> 31243
[3 1 2 4 4] -> 31244
[3 1 3 0 0] -> 31300
[3 1 3 0 1] -> 31301
[3 1 3 0 2] -> 31302
[3 1 3 0 3] -> 31303
[3 1 3 0 4] -> 31304
[3 1 3 1 0] -> 31310
[3 1 3 1 1] -> 31311
[3 1 3 1 2] -> 31312
[3 1 3 1 3] -> 31313
[3 1 3 1 4] -> 31314
[3 1 3 2 0] -> 31320
[3 1 3 2 1] -> 31321
[3 1 3 2 2] -> 31322
[3 1 3 2 3] -> 31323
[3 1 3 2 4] -> 31324
[3 1 3 3 0] -> 31330
[3 1 3 3 1] -> 31331
[3 1 3 3 2] -> 31332
[3 1 3 3 3] -> 31333
[3 1 3 3 4] -> 31334
[3 1 3 4 0] -> 31340
[3 1 3 4 1] -> 31341
[3 1 3 4 2] -> 31342
[3 1 3 4 3] -> 31343
[3 1 3 4 4] -> 31344
[3 1 4 0 0] -> 31400
[3 1 4 0 1] -> 31401
[3 1 4 0 2] -> 31402
[3 1 4 0 3] -> 31403
[3 1 4 0 4] -> 31404
[3 1 4 1 0] -> 31410
[3 1 4 1 1] -> 31411
[3 1 4 1 2] -> 31412
[3 1 4 1 3] -> 31413
[3 1 4 1 4] -> 31414
[3 1 4 2 0] -> 31420
[3 1 4 2 1] -> 31421
[3 1 4 2 2] -> 31422
[3 1 4 2 3] -> 31423
[3 1 4 2 4] -> 31424
[3 1 4 3 0] -> 31430
[3 1 4 3 1] -> 31431
[3 1 4 3 2] -> 31432
[3 1 4 3 3] -> 31433
[3 1 4 3 4] -> 31434
[3 1 4 4 0] -> 31440
[3 1 4 4 1] -> 31441
[3 1 4 4 2] -> 31442
[3 1 4 4 3] -> 31443
[3 1 4 4 4] -> 31444
[3 2 0 0 0] -> 32000
[3 2 0 0 1] -> 32001
[3 2 0 0 2] -> 32002
[3 2 0 0 3] -> 32003
[3 2 0 0 4] -> 32004
[3 2 0 1 0] -> 32010
[3 2 0 1 1] -> 32011
[3 2 0 1 2] -> 32012
[3 2 0 1 3] -> 32013
[3 2 0 1 4] -> 32014
[3 2 0 2 0] -> 32020
[3 2 0 2 1] -> 32021
[3 2 0 2 2] -> 32022
[3 2 0 2 3] -> 32023
[3 2 0 2 4] -> 32024
[3 2 0 3 0] -> 32030
[3 2 0 3 1] -> 32031
[3 2 0 3 2] -> 32032
[3 2 0 3 3] -> 32033
[3 2 0 3 4] -> 32034
[3 2 0 4 0] -> 32040
[3 2 0 4 1] -> 32041
[3 2 0 4 2] -> 32042
[3 2 0 4 3] -> 32043
[3 2 0 4 4] -> 32044
[3 2 1 0 0] -> 32100
[3 2 1 0 1] -> 32101
[3 2 1 0 2] -> 32102
[3 2 1 0 3] -> 32103
[3 2 1 0 4] -> 32104
[3 2 1 1 0] -> 32110
[3 2 1 1 1] -> 32111
[3 2 1 1 2] -> 32112
[3 2 1 1 3] -> 32113
[3 2 1 1 4] -> 32114
[3 2 1 2 0] -> 32120
[3 2 1 2 1] -> 32121
[3 2 1 2 2] -> 32122
[3 2 1 2 3] -> 32123
[3 2 1 2 4] -> 32124
[3 2 1 3 0] -> 32130
[3 2 1 3 1] -> 32131
[3 2 1 3 2] -> 32132
[3 2 1 3 3] -> 32133
[3 2 1 3 4] -> 32134
[3 2 1 4 0] -> 32140
[3 2 1 4 1] -> 32141
[3 2 1 4 2] -> 32142
[3 2 1 4 3] -> 32143
[3 2 1 4 4] -> 32144
[3 2 2 0 0] -> 32200
[3 2 2 0 1] -> 32201
[3 2 2 0 2] -> 32202
[3 2 2 0 3] -> 32203
[3 2 2 0 4] -> 32204
[3 2 2 1 0] -> 32210
[3 2 2 1 1] -> 32211
[3 2 2 1 2] -> 32212
[3 2 2 1 3] -> 32213
[3 2 2 1 4] -> 32214
[3 2 2 2 0] -> 32220
[3 2 2 2 1] -> 32221
[3 2 2 2 2] -> 32222
[3 2 2 2 3] -> 32223
[3 2 2 2 4] -> 32224
[3 2 2 3 0] -> 32230
[3 2 2 3 1] -> 32231
[3 2 2 3 2] -> 32232
[3 2 2 3 3] -> 32233
[3 2 2 3 4] -> 32234
[3 2 2 4 0] -> 32240
[3 2 2 4 1] -> 32241
[3 2 2 4 2] -> 32242
[3 2 2 4 3] -> 32243
[3 2 2 4 4] -> 32244
[3 2 3 0 0] -> 32300
[3 2 3 0 1] -> 32301
[3 2 3 0 2] -> 32302
[3 2 3 0 3] -> 32303
[3 2 3 0 4] -> 32304
[3 2 3 1 0] -> 32310
[3 2 3 1 1] -> 32311
[3 2 3 1 2] -> 32312
[3 2 3 1 3] -> 32313
[3 2 3 1 4] -> 32314
[3 2 3 2 0] -> 32320
[3 2 3 2 1] -> 32321
[3 2 3 2 2] -> 32322
[3 2 3 2 3] -> 32323
[3 2 3 2 4] -> 32324
[3 2 3 3 0] -> 32330
[3 2 3 3 1] -> 32331
[3 2 3 3 2] -> 32332
[3 2 3 3 3] -> 32333
[3 2 3 3 4] -> 32334
[3 2 3 4 0] -> 32340
[3 2 3 4 1] -> 32341
[3 2 3 4 2] -> 32342
[3 2 3 4 3] -> 32343
[3 2 3 4 4] -> 32344
[3 2 4 0 0] -> 32400
[3 2 4 0 1] -> 32401
[3 2 4 0 2] -> 32402
[3 2 4 0 3] -> 32403
[3 2 4 0 4] -> 32404
[3 2 4 1 0] -> 32410
[3 2 4 1 1] -> 32411
[3 2 4 1 2] -> 32412
[3 2 4 1 3] -> 32413
[3 2 4 1 4] -> 32414
[3 2 4 2 0] -> 32420
[3 2 4 2 1] -> 32421
[3 2 4 2 2] -> 32422
[3 2 4 2 3] -> 32423
[3 2 4 2 4] -> 32424
[3 2 4 3 0] -> 32430
[3 2 4 3 1] -> 32431
[3 2 4 3 2] -> 32432
[3 2 4 3 3] -> 32433
[3 2 4 3 4] -> 32434
[3 2 4 4 0] -> 32440
[3 2 4 4 1] -> 32441
[3 2 4 4 2] -> 32442
[3 2 4 4 3] -> 32443
[3 2 4 4 4] -> 32444
[3 3 0 0 0] -> 33000
[3 3 0 0 1] -> 33001
[3 3 0 0 2] -> 33002
[3 3 0 0 3] -> 33003
[3 3 0 0 4] -> 33004
[3 3 0 1 0] -> 33010
[3 3 0 1 1] -> 33011
[3 3 0 1 2] -> 33012
[3 3 0 1 3] -> 33013
[3 3 0 1 4] -> 33014
[3 3 0 2 0] -> 33020
[3 3 0 2 1] -> 33021
[3 3 0 2 2] -> 33022
[3 3 0 2 3] -> 33023
[3 3 0 2 4] -> 33024
[3 3 0 3 0] -> 33030
[3 3 0 3 1] -> 33031
[3 3 0 3 2] -> 33032
[3 3 0 3 3] -> 33033
[3 3 0 3 4] -> 33034
[3 3 0 4 0] -> 33040
[3 3 0 4 1] -> 33041
[3 3 0 4 2] -> 33042
[3 3 0 4 3] -> 33043
[3 3 0 4 4] -> 33044
[3 3 1 0 0] -> 33100
[3 3 1 0 1] -> 33101
[3 3 1 0 2] -> 33102
[3 3 1 0 3] -> 33103
[3 3 1 0 4] -> 33104
[3 3 1 1 0] -> 33110
[3 3 1 1 1] -> 33111
[3 3 1 1 2] -> 33112
[3 3 1 1 3] -> 33113
[3 3 1 1 4] -> 33114
[3 3 1 2 0] -> 33120
[3 3 1 2 1] -> 33121
[3 3 1 2 2] -> 33122
[3 3 1 2 3] -> 33123
[3 3 1 2 4] -> 33124
[3 3 1 3 0] -> 33130
[3 3 1 3 1] -> 33131
[3 3 1 3 2] -> 33132
[3 3 1 3 3] -> 33133
[3 3 1 3 4] -> 33134
[3 3 1 4 0] -> 33140
[3 3 1 4 1] -> 33141
[3 3 1 4 2] -> 33142
[3 3 1 4 3] -> 33143
[3 3 1 4 4] -> 33144
[3 3 2 0 0] -> 33200
[3 3 2 0 1] -> 33201
[3 3 2 0 2] -> 33202
[3 3 2 0 3] -> 33203
[3 3 2 0 4] -> 33204
[3 3 2 1 0] -> 33210
[3 3 2 1 1] -> 33211
[3 3 2 1 2] -> 33212
[3 3 2 1 3] -> 33213
[3 3 2 1 4] -> 33214
[3 3 2 2 0] -> 33220
[3 3 2 2 1] -> 33221
[3 3 2 2 2] -> 33222
[3 3 2 2 3] -> 33223
[3 3 2 2 4] -> 33224
[3 3 2 3 0] -> 33230
[3 3 2 3 1] -> 33231
[3 3 2 3 2] -> 33232
[3 3 2 3 3] -> 33233
[3 3 2 3 4] -> 33234
[3 3 2 4 0] -> 33240
[3 3 2 4 1] -> 33241
[3 3 2 4 2] -> 33242
[3 3 2 4 3] -> 33243
[3 3 2 4 4] -> 33244
[3 3 3 0 0] -> 33300
[3 3 3 0 1] -> 33301
[3 3 3 0 2] -> 33302
[3 3 3 0 3] -> 33303
[3 3 3 0 4] -> 33304
[3 3 3 1 0] -> 33310
[3 3 3 1 1] -> 33311
[3 3 3 1 2] -> 33312
[3 3 3 1 3] -> 33313
[3 3 3 1 4] -> 33314
[3 3 3 2 0] -> 33320
[3 3 3 2 1] -> 33321
[3 3 3 2 2] -> 33322
[3 3 3 2 3] -> 33323
[3 3 3 2 4] -> 33324
[3 3 3 3 0] -> 33330
[3 3 3 3 1] -> 33331
[3 3 3 3 2] -> 33332
[3 3 3 3 3] -> 33333
[3 3 3 3 4] -> 33334
[3 3 3 4 0] -> 33340
[3 3 3 4 1] -> 33341
[3 3 3 4 2] -> 33342
[3 3 3 4 3] -> 33343
[3 3 3 4 4] -> 33344
[3 3 4 0 0] -> 33400
[3 3 4 0 1] -> 33401
[3 3 4 0 2] -> 33402
[3 3 4 0 3] -> 33403
[3 3 4 0 4] -> 33404
[3 3 4 1 0] -> 33410
[3 3 4 1 1] -> 33411
[3 3 4 1 2] -> 33412
[3 3 4 1 3] -> 33413
[3 3 4 1 4] -> 33414
[3 3 4 2 0] -> 33420
[3 3 4 2 1] -> 33421
[3 3 4 2 2] -> 33422
[3 3 4 2 3] -> 33423
[3 3 4 2 4] -> 33424
[3 3 4 3 0] -> 33430
[3 3 4 3 1] -> 33431
[3 3 4 3 2] -> 33432
[3 3 4 3 3] -> 33433
[3 3 4 3 4] -> 33434
[3 3 4 4 0] -> 33440
[3 3 4 4 1] -> 33441
[3 3 4 4 2] -> 33442
[3 3 4 4 3] -> 33443
[3 3 4 4 4] -> 33444
[3 4 0 0 0] -> 34000
[3 4 0 0 1] -> 34001
[3 4 0 0 2] -> 34002
[3 4 0 0 3] -> 34003
[3 4 0 0 4] -> 34004
[3 4 0 1 0] -> 34010
[3 4 0 1 1] -> 34011
[3 4 0 1 2] -> 34012
[3 4 0 1 3] -> 34013
[3 4 0 1 4] -> 34014
[3 4 0 2 0] -> 34020
[3 4 0 2 1] -> 34021
[3 4 0 2 2] -> 34022
[3 4 0 2 3] -> 34023
[3 4 0 2 4] -> 34024
[3 4 0 3 0] -> 34030
[3 4 0 3 1] -> 34031
[3 4 0 3 2] -> 34032
[3 4 0 3 3] -> 34033
[3 4 0 3 4] -> 34034
[3 4 0 4 0] -> 34040
[3 4 0 4 1] -> 34041
[3 4 0 4 2] -> 34042
[3 4 0 4 3] -> 34043
[3 4 0 4 4] -> 34044
[3 4 1 0 0] -> 34100
[3 4 1 0 1] -> 34101
[3 4 1 0 2] -> 34102
[3 4 1 0 3] -> 34103
[3 4 1 0 4] -> 34104
[3 4 1 1 0] -> 34110
[3 4 1 1 1] -> 34111
[3 4 1 1 2] -> 34112
[3 4 1 1 3] -> 34113
[3 4 1 1 4] -> 34114
[3 4 1 2 0] -> 34120
[3 4 1 2 1] -> 34121
[3 4 1 2 2] -> 34122
[3 4 1 2 3] -> 34123
[3 4 1 2 4] -> 34124
[3 4 1 3 0] -> 34130
[3 4 1 3 1] -> 34131
[3 4 1 3 2] -> 34132
[3 4 1 3 3] -> 34133
[3 4 1 3 4] -> 34134
[3 4 1 4 0] -> 34140
[3 4 1 4 1] -> 34141
[3 4 1 4 2] -> 34142
[3 4 1 4 3] -> 34143
[3 4 1 4 4] -> 34144
[3 4 2 0 0] -> 34200
[3 4 2 0 1] -> 34201
[3 4 2 0 2] -> 34202
[3 4 2 0 3] -> 34203
[3 4 2 0 4] -> 34204
[3 4 2 1 0] -> 34210
[3 4 2 1 1] -> 34211
[3 4 2 1 2] -> 34212
[3 4 2 1 3] -> 34213
[3 4 2 1 4] -> 34214
[3 4 2 2 0] -> 34220
[3 4 2 2 1] -> 34221
[3 4 2 2 2] -> 34222
[3 4 2 2 3] -> 34223
[3 4 2 2 4] -> 34224
[3 4 2 3 0] -> 34230
[3 4 2 3 1] -> 34231
[3 4 2 3 2] -> 34232
[3 4 2 3 3] -> 34233
[3 4 2 3 4] -> 34234
[3 4 2 4 0] -> 34240
[3 4 2 4 1] -> 34241
[3 4 2 4 2] -> 34242
[3 4 2 4 3] -> 34243
[3 4 2 4 4] -> 34244
[3 4 3 0 0] -> 34300
[3 4 3 0 1] -> 34301
[3 4 3 0 2] -> 34302
[3 4 3 0 3] -> 34303
[3 4 3 0 4] -> 34304
[3 4 3 1 0] -> 34310
[3 4 3 1 1] -> 34311
[3 4 3 1 2] -> 34312
[3 4 3 1 3] -> 34313
[3 4 3 1 4] -> 34314
[3 4 3 2 0] -> 34320
[3 4 3 2 1] -> 34321
[3 4 3 2 2] -> 34322
[3 4 3 2 3] -> 34323
[3 4 3 2 4] -> 34324
[3 4 3 3 0] -> 34330
[3 4 3 3 1] -> 34331
[3 4 3 3 2] -> 34332
[3 4 3 3 3] -> 34333
[3 4 3 3 4] -> 34334
[3 4 3 4 0] -> 34340
[3 4 3 4 1] -> 34341
[3 4 3 4 2] -> 34342
[3 4 3 4 3] -> 34343
[3 4 3 4 4] -> 34344
[3 4 4 0 0] -> 34400
[3 4 4 0 1] -> 34401
[3 4 4 0 2] -> 34402
[3 4 4 0 3] -> 34403
[3 4 4 0 4] -> 34404
[3 4 4 1 0] -> 34410
[3 4 4 1 1] -> 34411
[3 4 4 1 2] -> 34412
[3 4 4 1 3] -> 34413
[3 4 4 1 4] -> 34414
[3 4 4 2 0] -> 34420
[3 4 4 2 1] -> 34421
[3 4 4 2 2] -> 34422
[3 4 4 2 3] -> 34423
[3 4 4 2 4] -> 34424
[3 4 4 3 0] -> 34430
[3 4 4 3 1] -> 34431
[3 4 4 3 2] -> 34432
[3 4 4 3 3] -> 34433
[3 4 4 3 4] -> 34434
[3 4 4 4 0] -> 34440
[3 4 4 4 1] -> 34441
[3 4 4 4 2] -> 34442
[3 4 4 4 3] -> 34443
[3 4 4 4 4] -> 34444
[4 0 0 0 0] -> 40000
[4 0 0 0 1] -> 40001
[4 0 0 0 2] -> 40002
[4 0 0 0 3] -> 40003
[4 0 0 0 4] -> 40004
[4 0 0 1 0] -> 40010
[4 0 0 1 1] -> 40011
[4 0 0 1 2] -> 40012
[4 0 0 1 3] -> 40013
[4 0 0 1 4] -> 40014
[4 0 0 2 0] -> 40020
[4 0 0 2 1] -> 40021
[4 0 0 2 2] -> 40022
[4 0 0 2 3] -> 40023
[4 0 0 2 4] -> 40024
[4 0 0 3 0] -> 40030
[4 0 0 3 1] -> 40031
[4 0 0 3 2] -> 40032
[4 0 0 3 3] -> 40033
[4 0 0 3 4] -> 40034
[4 0 0 4 0] -> 40040
[4 0 0 4 1] -> 40041
[4 0 0 4 2] -> 40042
[4 0 0 4 3] -> 40043
[4 0 0 4 4] -> 40044
[4 0 1 0 0] -> 40100
[4 0 1 0 1] -> 40101
[4 0 1 0 2] -> 40102
[4 0 1 0 3] -> 40103
[4 0 1 0 4] -> 40104
[4 0 1 1 0] -> 40110
[4 0 1 1 1] -> 40111
[4 0 1 1 2] -> 40112
[4 0 1 1 3] -> 40113
[4 0 1 1 4] -> 40114
[4 0 1 2 0] -> 40120
[4 0 1 2 1] -> 40121
[4 0 1 2 2] -> 40122
[4 0 1 2 3] -> 40123
[4 0 1 2 4] -> 40124
[4 0 1 3 0] -> 40130
[4 0 1 3 1] -> 40131
[4 0 1 3 2] -> 40132
[4 0 1 3 3] -> 40133
[4 0 1 3 4] -> 40134
[4 0 1 4 0] -> 40140
[4 0 1 4 1] -> 40141
[4 0 1 4 2] -> 40142
[4 0 1 4 3] -> 40143
[4 0 1 4 4] -> 40144
[4 0 2 0 0] -> 40200
[4 0 2 0 1] -> 40201
[4 0 2 0 2] -> 40202
[4 0 2 0 3] -> 40203
[4 0 2 0 4] -> 40204
[4 0 2 1 0] -> 40210
[4 0 2 1 1] -> 40211
[4 0 2 1 2] -> 40212
[4 0 2 1 3] -> 40213
[4 0 2 1 4] -> 40214
[4 0 2 2 0] -> 40220
[4 0 2 2 1] -> 40221
[4 0 2 2 2] -> 40222
[4 0 2 2 3] -> 40223
[4 0 2 2 4] -> 40224
[4 0 2 3 0] -> 40230
[4 0 2 3 1] -> 40231
[4 0 2 3 2] -> 40232
[4 0 2 3 3] -> 40233
[4 0 2 3 4] -> 40234
[4 0 2 4 0] -> 40240
[4 0 2 4 1] -> 40241
[4 0 2 4 2] -> 40242
[4 0 2 4 3] -> 40243
[4 0 2 4 4] -> 40244
[4 0 3 0 0] -> 40300
[4 0 3 0 1] -> 40301
[4 0 3 0 2] -> 40302
[4 0 3 0 3] -> 40303
[4 0 3 0 4] -> 40304
[4 0 3 1 0] -> 40310
[4 0 3 1 1] -> 40311
[4 0 3 1 2] -> 40312
[4 0 3 1 3] -> 40313
[4 0 3 1 4] -> 40314
[4 0 3 2 0] -> 40320
[4 0 3 2 1] -> 40321
[4 0 3 2 2] -> 40322
[4 0 3 2 3] -> 40323
[4 0 3 2 4] -> 40324
[4 0 3 3 0] -> 40330
[4 0 3 3 1] -> 40331
[4 0 3 3 2] -> 40332
[4 0 3 3 3] -> 40333
[4 0 3 3 4] -> 40334
[4 0 3 4 0] -> 40340
[4 0 3 4 1] -> 40341
[4 0 3 4 2] -> 40342
[4 0 3 4 3] -> 40343
[4 0 3 4 4] -> 40344
[4 0 4 0 0] -> 40400
[4 0 4 0 1] -> 40401
[4 0 4 0 2] -> 40402
[4 0 4 0 3] -> 40403
[4 0 4 0 4] -> 40404
[4 0 4 1 0] -> 40410
[4 0 4 1 1] -> 40411
[4 0 4 1 2] -> 40412
[4 0 4 1 3] -> 40413
[4 0 4 1 4] -> 40414
[4 0 4 2 0] -> 40420
[4 0 4 2 1] -> 40421
[4 0 4 2 2] -> 40422
[4 0 4 2 3] -> 40423
[4 0 4 2 4] -> 40424
[4 0 4 3 0] -> 40430
[4 0 4 3 1] -> 40431
[4 0 4 3 2] -> 40432
[4 0 4 3 3] -> 40433
[4 0 4 3 4] -> 40434
[4 0 4 4 0] -> 40440
[4 0 4 4 1] -> 40441
[4 0 4 4 2] -> 40442
[4 0 4 4 3] -> 40443
[4 0 4 4 4] -> 40444
[4 1 0 0 0] -> 41000
[4 1 0 0 1] -> 41001
[4 1 0 0 2] -> 41002
[4 1 0 0 3] -> 41003
[4 1 0 0 4] -> 41004
[4 1 0 1 0] -> 41010
[4 1 0 1 1] -> 41011
[4 1 0 1 2] -> 41012
[4 1 0 1 3] -> 41013
[4 1 0 1 4] -> 41014
[4 1 0 2 0] -> 41020
[4 1 0 2 1] -> 41021
[4 1 0 2 2] -> 41022
[4 1 0 2 3] -> 41023
[4 1 0 2 4] -> 41024
[4 1 0 3 0] -> 41030
[4 1 0 3 1] -> 41031
[4 1 0 3 2] -> 41032
[4 1 0 3 3] -> 41033
[4 1 0 3 4] -> 41034
[4 1 0 4 0] -> 41040
[4 1 0 4 1] -> 41041
[4 1 0 4 2] -> 41042
[4 1 0 4 3] -> 41043
[4 1 0 4 4] -> 41044
[4 1 1 0 0] -> 41100
[4 1 1 0 1] -> 41101
[4 1 1 0 2] -> 41102
[4 1 1 0 3] -> 41103
[4 1 1 0 4] -> 41104
[4 1 1 1 0] -> 41110
[4 1 1 1 1] -> 41111
[4 1 1 1 2] -> 41112
[4 1 1 1 3] -> 41113
[4 1 1 1 4] -> 41114
[4 1 1 2 0] -> 41120
[4 1 1 2 1] -> 41121
[4 1 1 2 2] -> 41122
[4 1 1 2 3] -> 41123
[4 1 1 2 4] -> 41124
[4 1 1 3 0] -> 41130
[4 1 1 3 1] -> 41131
[4 1 1 3 2] -> 41132
[4 1 1 3 3] -> 41133
[4 1 1 3 4] -> 41134
[4 1 1 4 0] -> 41140
[4 1 1 4 1] -> 41141
[4 1 1 4 2] -> 41142
[4 1 1 4 3] -> 41143
[4 1 1 4 4] -> 41144
[4 1 2 0 0] -> 41200
[4 1 2 0 1] -> 41201
[4 1 2 0 2] -> 41202
[4 1 2 0 3] -> 41203
[4 1 2 0 4] -> 41204
[4 1 2 1 0] -> 41210
[4 1 2 1 1] -> 41211
[4 1 2 1 2] -> 41212
[4 1 2 1 3] -> 41213
[4 1 2 1 4] -> 41214
[4 1 2 2 0] -> 41220
[4 1 2 2 1] -> 41221
[4 1 2 2 2] -> 41222
[4 1 2 2 3] -> 41223
[4 1 2 2 4] -> 41224
[4 1 2 3 0] -> 41230
[4 1 2 3 1] -> 41231
[4 1 2 3 2] -> 41232
[4 1 2 3 3] -> 41233
[4 1 2 3 4] -> 41234
[4 1 2 4 0] -> 41240
[4 1 2 4 1] -> 41241
[4 1 2 4 2] -> 41242
[4 1 2 4 3] -> 41243
[4 1 2 4 4] -> 41244
[4 1 3 0 0] -> 41300
[4 1 3 0 1] -> 41301
[4 1 3 0 2] -> 41302
[4 1 3 0 3] -> 41303
[4 1 3 0 4] -> 41304
[4 1 3 1 0] -> 41310
[4 1 3 1 1] -> 41311
[4 1 3 1 2] -> 41312
[4 1 3 1 3] -> 41313
[4 1 3 1 4] -> 41314
[4 1 3 2 0] -> 41320
[4 1 3 2 1] -> 41321
[4 1 3 2 2] -> 41322
[4 1 3 2 3] -> 41323
[4 1 3 2 4] -> 41324
[4 1 3 3 0] -> 41330
[4 1 3 3 1] -> 41331
[4 1 3 3 2] -> 41332
[4 1 3 3 3] -> 41333
[4 1 3 3 4] -> 41334
[4 1 3 4 0] -> 41340
[4 1 3 4 1] -> 41341
[4 1 3 4 2] -> 41342
[4 1 3 4 3] -> 41343
[4 1 3 4 4] -> 41344
[4 1 4 0 0] -> 41400
[4 1 4 0 1] -> 41401
[4 1 4 0 2] -> 41402
[4 1 4 0 3] -> 41403
[4 1 4 0 4] -> 41404
[4 1 4 1 0] -> 41410
[4 1 4 1 1] -> 41411
[4 1 4 1 2] -> 41412
[4 1 4 1 3] -> 41413
[4 1 4 1 4] -> 41414
[4 1 4 2 0] -> 41420
[4 1 4 2 1] -> 41421
[4 1 4 2 2] -> 41422
[4 1 4 2 3] -> 41423
[4 1 4 2 4] -> 41424
[4 1 4 3 0] -> 41430
[4 1 4 3 1] -> 41431
[4 1 4 3 2] -> 41432
[4 1 4 3 3] -> 41433
[4 1 4 3 4] -> 41434
[4 1 4 4 0] -> 41440
[4 1 4 4 1] -> 41441
[4 1 4 4 2] -> 41442
[4 1 4 4 3] -> 41443
[4 1 4 4 4] -> 41444
[4 2 0 0 0] -> 42000
[4 2 0 0 1] -> 42001
[4 2 0 0 2] -> 42002
[4 2 0 0 3] -> 42003
[4 2 0 0 4] -> 42004
[4 2 0 1 0] -> 42010
[4 2 0 1 1] -> 42011
[4 2 0 1 2] -> 42012
[4 2 0 1 3] -> 42013
[4 2 0 1 4] -> 42014
[4 2 0 2 0] -> 42020
[4 2 0 2 1] -> 42021
[4 2 0 2 2] -> 42022
[4 2 0 2 3] -> 42023
[4 2 0 2 4] -> 42024
[4 2 0 3 0] -> 42030
[4 2 0 3 1] -> 42031
[4 2 0 3 2] -> 42032
[4 2 0 3 3] -> 42033
[4 2 0 3 4] -> 42034
[4 2 0 4 0] -> 42040
[4 2 0 4 1] -> 42041
[4 2 0 4 2] -> 42042
[4 2 0 4 3] -> 42043
[4 2 0 4 4] -> 42044
[4 2 1 0 0] -> 42100
[4 2 1 0 1] -> 42101
[4 2 1 0 2] -> 42102
[4 2 1 0 3] -> 42103
[4 2 1 0 4] -> 42104
[4 2 1 1 0] -> 42110
[4 2 1 1 1] -> 42111
[4 2 1 1 2] -> 42112
[4 2 1 1 3] -> 42113
[4 2 1 1 4] -> 42114
[4 2 1 2 0] -> 42120
[4 2 1 2 1] -> 42121
[4 2 1 2 2] -> 42122
[4 2 1 2 3] -> 42123
[4 2 1 2 4] -> 42124
[4 2 1 3 0] -> 42130
[4 2 1 3 1] -> 42131
[4 2 1 3 2] -> 42132
[4 2 1 3 3] -> 42133
[4 2 1 3 4] -> 42134
[4 2 1 4 0] -> 42140
[4 2 1 4 1] -> 42141
[4 2 1 4 2] -> 42142
[4 2 1 4 3] -> 42143
[4 2 1 4 4] -> 42144
[4 2 2 0 0] -> 42200
[4 2 2 0 1] -> 42201
[4 2 2 0 2] -> 42202
[4 2 2 0 3] -> 42203
[4 2 2 0 4] -> 42204
[4 2 2 1 0] -> 42210
[4 2 2 1 1] -> 42211
[4 2 2 1 2] -> 42212
[4 2 2 1 3] -> 42213
[4 2 2 1 4] -> 42214
[4 2 2 2 0] -> 42220
[4 2 2 2 1] -> 42221
[4 2 2 2 2] -> 42222
[4 2 2 2 3] -> 42223
[4 2 2 2 4] -> 42224
[4 2 2 3 0] -> 42230
[4 2 2 3 1] -> 42231
[4 2 2 3 2] -> 42232
[4 2 2 3 3] -> 42233
[4 2 2 3 4] -> 42234
[4 2 2 4 0] -> 42240
[4 2 2 4 1] -> 42241
[4 2 2 4 2] -> 42242
[4 2 2 4 3] -> 42243
[4 2 2 4 4] -> 42244
[4 2 3 0 0] -> 42300
[4 2 3 0 1] -> 42301
[4 2 3 0 2] -> 42302
[4 2 3 0 3] -> 42303
[4 2 3 0 4] -> 42304
[4 2 3 1 0] -> 42310
[4 2 3 1 1] -> 42311
[4 2 3 1 2] -> 42312
[4 2 3 1 3] -> 42313
[4 2 3 1 4] -> 42314
[4 2 3 2 0] -> 42320
[4 2 3 2 1] -> 42321
[4 2 3 2 2] -> 42322
[4 2 3 2 3] -> 42323
[4 2 3 2 4] -> 42324
[4 2 3 3 0] -> 42330
[4 2 3 3 1] -> 42331
[4 2 3 3 2] -> 42332
[4 2 3 3 3] -> 42333
[4 2 3 3 4] -> 42334
[4 2 3 4 0] -> 42340
[4 2 3 4 1] -> 42341
[4 2 3 4 2] -> 42342
[4 2 3 4 3] -> 42343
[4 2 3 4 4] -> 42344
[4 2 4 0 0] -> 42400
[4 2 4 0 1] -> 42401
[4 2 4 0 2] -> 42402
[4 2 4 0 3] -> 42403
[4 2 4 0 4] -> 42404
[4 2 4 1 0] -> 42410
[4 2 4 1 1] -> 42411
[4 2 4 1 2] -> 42412
[4 2 4 1 3] -> 42413
[4 2 4 1 4] -> 42414
[4 2 4 2 0] -> 42420
[4 2 4 2 1] -> 42421
[4 2 4 2 2] -> 42422
[4 2 4 2 3] -> 42423
[4 2 4 2 4] -> 42424
[4 2 4 3 0] -> 42430
[4 2 4 3 1] -> 42431
[4 2 4 3 2] -> 42432
[4 2 4 3 3] -> 42433
[4 2 4 3 4] -> 42434
[4 2 4 4 0] -> 42440
[4 2 4 4 1] -> 42441
[4 2 4 4 2] -> 42442
[4 2 4 4 3] -> 42443
[4 2 4 4 4] -> 42444
[4 3 0 0 0] -> 43000
[4 3 0 0 1] -> 43001
[4 3 0 0 2] -> 43002
[4 3 0 0 3] -> 43003
[4 3 0 0 4] -> 43004
[4 3 0 1 0] -> 43010
[4 3 0 1 1] -> 43011
[4 3 0 1 2] -> 43012
[4 3 0 1 3] -> 43013
[4 3 0 1 4] -> 43014
[4 3 0 2 0] -> 43020
[4 3 0 2 1] -> 43021
[4 3 0 2 2] -> 43022
[4 3 0 2 3] -> 43023
[4 3 0 2 4] -> 43024
[4 3 0 3 0] -> 43030
[4 3 0 3 1] -> 43031
[4 3 0 3 2] -> 43032
[4 3 0 3 3] -> 43033
[4 3 0 3 4] -> 43034
[4 3 0 4 0] -> 43040
[4 3 0 4 1] -> 43041
[4 3 0 4 2] -> 43042
[4 3 0 4 3] -> 43043
[4 3 0 4 4] -> 43044
[4 3 1 0 0] -> 43100
[4 3 1 0 1] -> 43101
[4 3 1 0 2] -> 43102
[4 3 1 0 3] -> 43103
[4 3 1 0 4] -> 43104
[4 3 1 1 0] -> 43110
[4 3 1 1 1] -> 43111
[4 3 1 1 2] -> 43112
[4 3 1 1 3] -> 43113
[4 3 1 1 4] -> 43114
[4 3 1 2 0] -> 43120
[4 3 1 2 1] -> 43121
[4 3 1 2 2] -> 43122
[4 3 1 2 3] -> 43123
[4 3 1 2 4] -> 43124
[4 3 1 3 0] -> 43130
[4 3 1 3 1] -> 43131
[4 3 1 3 2] -> 43132
[4 3 1 3 3] -> 43133
[4 3 1 3 4] -> 43134
[4 3 1 4 0] -> 43140
[4 3 1 4 1] -> 43141
[4 3 1 4 2] -> 43142
[4 3 1 4 3] -> 43143
[4 3 1 4 4] -> 43144
[4 3 2 0 0] -> 43200
[4 3 2 0 1] -> 43201
[4 3 2 0 2] -> 43202
[4 3 2 0 3] -> 43203
[4 3 2 0 4] -> 43204
[4 3 2 1 0] -> 43210
[4 3 2 1 1] -> 43211
[4 3 2 1 2] -> 43212
[4 3 2 1 3] -> 43213
[4 3 2 1 4] -> 43214
[4 3 2 2 0] -> 43220
[4 3 2 2 1] -> 43221
[4 3 2 2 2] -> 43222
[4 3 2 2 3] -> 43223
[4 3 2 2 4] -> 43224
[4 3 2 3 0] -> 43230
[4 3 2 3 1] -> 43231
[4 3 2 3 2] -> 43232
[4 3 2 3 3] -> 43233
[4 3 2 3 4] -> 43234
[4 3 2 4 0] -> 43240
[4 3 2 4 1] -> 43241
[4 3 2 4 2] -> 43242
[4 3 2 4 3] -> 43243
[4 3 2 4 4] -> 43244
[4 3 3 0 0] -> 43300
[4 3 3 0 1] -> 43301
[4 3 3 0 2] -> 43302
[4 3 3 0 3] -> 43303
[4 3 3 0 4] -> 43304
[4 3 3 1 0] -> 43310
[4 3 3 1 1] -> 43311
[4 3 3 1 2] -> 43312
[4 3 3 1 3] -> 43313
[4 3 3 1 4] -> 43314
[4 3 3 2 0] -> 43320
[4 3 3 2 1] -> 43321
[4 3 3 2 2] -> 43322
[4 3 3 2 3] -> 43323
[4 3 3 2 4] -> 43324
[4 3 3 3 0] -> 43330
[4 3 3 3 1] -> 43331
[4 3 3 3 2] -> 43332
[4 3 3 3 3] -> 43333
[4 3 3 3 4] -> 43334
[4 3 3 4 0] -> 43340
[4 3 3 4 1] -> 43341
[4 3 3 4 2] -> 43342
[4 3 3 4 3] -> 43343
[4 3 3 4 4] -> 43344
[4 3 4 0 0] -> 43400
[4 3 4 0 1] -> 43401
[4 3 4 0 2] -> 43402
[4 3 4 0 3] -> 43403
[4 3 4 0 4] -> 43404
[4 3 4 1 0] -> 43410
[4 3 4 1 1] -> 43411
[4 3 4 1 2] -> 43412
[4 3 4 1 3] -> 43413
[4 3 4 1 4] -> 43414
[4 3 4 2 0] -> 43420
[4 3 4 2 1] -> 43421
[4 3 4 2 2] -> 43422
[4 3 4 2 3] -> 43423
[4 3 4 2 4] -> 43424
[4 3 4 3 0] -> 43430
[4 3 4 3 1] -> 43431
[4 3 4 3 2] -> 43432
[4 3 4 3 3] -> 43433
[4 3 4 3 4] -> 43434
[4 3 4 4 0] -> 43440
[4 3 4 4 1] -> 43441
[4 3 4 4 2] -> 43442
[4 3 4 4 3] -> 43443
[4 3 4 4 4] -> 43444
[4 4 0 0 0] -> 44000
[4 4 0 0 1] -> 44001
[4 4 0 0 2] -> 44002
[4 4 0 0 3] -> 44003
[4 4 0 0 4] -> 44004
[4 4 0 1 0] -> 44010
[4 4 0 1 1] -> 44011
[4 4 0 1 2] -> 44012
[4 4 0 1 3] -> 44013
[4 4 0 1 4] -> 44014
[4 4 0 2 0] -> 44020
[4 4 0 2 1] -> 44021
[4 4 0 2 2] -> 44022
[4 4 0 2 3] -> 44023
[4 4 0 2 4] -> 44024
[4 4 0 3 0] -> 44030
[4 4 0 3 1] -> 44031
[4 4 0 3 2] -> 44032
[4 4 0 3 3] -> 44033
[4 4 0 3 4] -> 44034
[4 4 0 4 0] -> 44040
[4 4 0 4 1] -> 44041
[4 4 0 4 2] -> 44042
[4 4 0 4 3] -> 44043
[4 4 0 4 4] -> 44044
[4 4 1 0 0] -> 44100
[4 4 1 0 1] -> 44101
[4 4 1 0 2] -> 44102
[4 4 1 0 3] -> 44103
[4 4 1 0 4] -> 44104
[4 4 1 1 0] -> 44110
[4 4 1 1 1] -> 44111
[4 4 1 1 2] -> 44112
[4 4 1 1 3] -> 44113
[4 4 1 1 4] -> 44114
[4 4 1 2 0] -> 44120
[4 4 1 2 1] -> 44121
[4 4 1 2 2] -> 44122
[4 4 1 2 3] -> 44123
[4 4 1 2 4] -> 44124
[4 4 1 3 0] -> 44130
[4 4 1 3 1] -> 44131
[4 4 1 3 2] -> 44132
[4 4 1 3 3] -> 44133
[4 4 1 3 4] -> 44134
[4 4 1 4 0] -> 44140
[4 4 1 4 1] -> 44141
[4 4 1 4 2] -> 44142
[4 4 1 4 3] -> 44143
[4 4 1 4 4] -> 44144
[4 4 2 0 0] -> 44200
[4 4 2 0 1] -> 44201
[4 4 2 0 2] -> 44202
[4 4 2 0 3] -> 44203
[4 4 2 0 4] -> 44204
[4 4 2 1 0] -> 44210
[4 4 2 1 1] -> 44211
[4 4 2 1 2] -> 44212
[4 4 2 1 3] -> 44213
[4 4 2 1 4] -> 44214
[4 4 2 2 0] -> 44220
[4 4 2 2 1] -> 44221
[4 4 2 2 2] -> 44222
[4 4 2 2 3] -> 44223
[4 4 2 2 4] -> 44224
[4 4 2 3 0] -> 44230
[4 4 2 3 1] -> 44231
[4 4 2 3 2] -> 44232
[4 4 2 3 3] -> 44233
[4 4 2 3 4] -> 44234
[4 4 2 4 0] -> 44240
[4 4 2 4 1] -> 44241
[4 4 2 4 2] -> 44242
[4 4 2 4 3] -> 44243
[4 4 2 4 4] -> 44244
[4 4 3 0 0] -> 44300
[4 4 3 0 1] -> 44301
[4 4 3 0 2] -> 44302
[4 4 3 0 3] -> 44303
[4 4 3 0 4] -> 44304
[4 4 3 1 0] -> 44310
[4 4 3 1 1] -> 44311
[4 4 3 1 2] -> 44312
[4 4 3 1 3] -> 44313
[4 4 3 1 4] -> 44314
[4 4 3 2 0] -> 44320
[4 4 3 2 1] -> 44321
[4 4 3 2 2] -> 44322
[4 4 3 2 3] -> 44323
[4 4 3 2 4] -> 44324
[4 4 3 3 0] -> 44330
[4 4 3 3 1] -> 44331
[4 4 3 3 2] -> 44332
[4 4 3 3 3] -> 44333
[4 4 3 3 4] -> 44334
[4 4 3 4 0] -> 44340
[4 4 3 4 1] -> 44341
[4 4 3 4 2] -> 44342
[4 4 3 4 3] -> 44343
[4 4 3 4 4] -> 44344
[4 4 4 0 0] -> 44400
[4 4 4 0 1] -> 44401
[4 4 4 0 2] -> 44402
[4 4 4 0 3] -> 44403
[4 4 4 0 4] -> 44404
[4 4 4 1 0] -> 44410
[4 4 4 1 1] -> 44411
[4 4 4 1 2] -> 44412
[4 4 4 1 3] -> 44413
[4 4 4 1 4] -> 44414
[4 4 4 2 0] -> 44420
[4 4 4 2 1] -> 44421
[4 4 4 2 2] -> 44422
[4 4 4 2 3] -> 44423
[4 4 4 2 4] -> 44424
[4 4 4 3 0] -> 44430
[4 4 4 3 1] -> 44431
[4 4 4 3 2] -> 44432
[4 4 4 3 3] -> 44433
[4 4 4 3 4] -> 44434
[4 4 4 4 0] -> 44440
[4 4 4 4 1] -> 44441
[4 4 4 4 2] -> 44442
[4 4 4 4 3] -> 44443
[4 4 4 4 4] -> 44444
>>>>>> start
[0 0 0 0 0] -> 55555
>>>>>> start
[0 0 0 0 0] -> 55555
[0 0 0 0 1] -> 55556
[0 0 0 1 0] -> 55565
[0 0 0 1 1] -> 55566
[0 0 1 0 0] -> 55655
[0 0 1 0 1] -> 55656
[0 0 1 1 0] -> 55665
[0 0 1 1 1] -> 55666
[0 1 0 0 0] -> 56555
[0 1 0 0 1] -> 56556
[0 1 0 1 0] -> 56565
[0 1 0 1 1] -> 56566
[0 1 1 0 0] -> 56655
[0 1 1 0 1] -> 56656
[0 1 1 1 0] -> 56665
[0 1 1 1 1] -> 56666
[1 0 0 0 0] -> 65555
[1 0 0 0 1] -> 65556
[1 0 0 1 0] -> 65565
[1 0 0 1 1] -> 65566
[1 0 1 0 0] -> 65655
[1 0 1 0 1] -> 65656
[1 0 1 1 0] -> 65665
[1 0 1 1 1] -> 65666
[1 1 0 0 0] -> 66555
[1 1 0 0 1] -> 66556
[1 1 0 1 0] -> 66565
[1 1 0 1 1] -> 66566
[1 1 1 0 0] -> 66655
[1 1 1 0 1] -> 66656
[1 1 1 1 0] -> 66665
[1 1 1 1 1] -> 66666
--- FAIL: TestPart1Examples (0.03s)
    --- FAIL: TestPart1Examples/0 (0.01s)
        day7_test.go:31: 
            	Error Trace:	day7_test.go:31
            	Error:      	Not equal: 
            	            	expected: 43210
            	            	actual  : 44444
            	Test:       	TestPart1Examples/0
    --- FAIL: TestPart1Examples/1 (0.01s)
        day7_test.go:31: 
            	Error Trace:	day7_test.go:31
            	Error:      	Not equal: 
            	            	expected: 54321
            	            	actual  : 55555
            	Test:       	TestPart1Examples/1
    --- FAIL: TestPart1Examples/2 (0.01s)
        day7_test.go:31: 
            	Error Trace:	day7_test.go:31
            	Error:      	Not equal: 
            	            	expected: 65210
            	            	actual  : 66666
            	Test:       	TestPart1Examples/2
FAIL
FAIL	aoc2019/day7	0.118s
FAIL
